1 1.0
2 1.0
3 0.8
4 0.84
5 0.76
6 0.81
7 0.73
8 0.76
9 0.77
10 0.68
11 0.7
12 0.82
13 0.78
14 0.75
15 0.69
16 0.67
17 0.76
18 0.7
19 0.78
20 0.66
21 0.72
22 0.76
23 0.7
24 0.73
25 0.75
26 0.71
27 0.71
28 0.72
29 0.74
30 0.73
31 0.74
32 0.65
33 0.68
34 0.69
35 0.7
36 0.7
37 0.8
38 0.68
39 0.73
40 0.8
41 0.68
42 0.71
43 0.75
44 0.67
45 0.75
46 0.64
47 0.62
48 0.67
49 0.6
50 0.7
51 0.69
52 0.71
53 0.72
54 0.76
55 0.6
56 0.69
57 0.76
58 0.69
59 0.7
60 0.73
61 0.82
62 0.73
63 0.78
64 0.75
65 0.76
66 0.64
67 0.62
68 0.67
69 0.73
70 0.63
71 0.61
72 0.71
73 0.69
74 0.65
75 0.67
76 0.64
77 0.64
78 0.66
79 0.7
80 0.68
81 0.72
82 0.71
83 0.63
84 0.72
85 0.74
86 0.76
87 0.68
88 0.61
89 0.72
90 0.66
91 0.7
92 0.73
93 0.61
94 0.63
95 0.68
96 0.72
97 0.62
98 0.73
99 0.61
100 0.74
101 0.66
102 0.72
103 0.74
104 0.66
105 0.68
106 0.7
107 0.73
108 0.72
109 0.75
110 0.63
111 0.78
112 0.69
113 0.68
114 0.69
115 0.66
116 0.71
117 0.76
118 0.67
119 0.72
120 0.67
121 0.68
122 0.66
123 0.65
124 0.65
125 0.71
126 0.69
127 0.68
128 0.61
129 0.73
130 0.76
131 0.73
132 0.73
133 0.56
134 0.67
135 0.61
136 0.66
137 0.68
138 0.67
139 0.57
140 0.74
141 0.73
142 0.64
143 0.67
144 0.7
145 0.64
146 0.7
147 0.68
148 0.75
149 0.71
150 0.7
151 0.64
152 0.67
153 0.66
154 0.6
155 0.67
156 0.65
157 0.71
158 0.69
159 0.71
160 0.6
161 0.64
162 0.73
163 0.68
164 0.75
165 0.8
166 0.64
167 0.68
168 0.7
169 0.58
170 0.65
171 0.7
172 0.61
173 0.68
174 0.7
175 0.68
176 0.67
177 0.66
178 0.72
179 0.65
180 0.62
181 0.7
182 0.69
183 0.7
184 0.76
185 0.71
186 0.58
187 0.73
188 0.7
189 0.7
190 0.65
191 0.79
192 0.66
193 0.7
194 0.61
195 0.63
196 0.7
197 0.66
198 0.63
199 0.67
200 0.7
201 0.64
202 0.63
203 0.59
204 0.62
205 0.65
206 0.65
207 0.59
208 0.67
209 0.64
210 0.77
211 0.65
212 0.71
213 0.7
214 0.7
215 0.69
216 0.7
217 0.78
218 0.71
219 0.67
220 0.6
221 0.73
222 0.75
223 0.67
224 0.71
225 0.74
226 0.63
227 0.69
228 0.71
229 0.71
230 0.69
231 0.69
232 0.68
233 0.65
234 0.68
235 0.7
236 0.74
237 0.67
238 0.62
239 0.68
240 0.74
241 0.68
242 0.74
243 0.65
244 0.7
245 0.66
246 0.68
247 0.69
248 0.69
249 0.69
250 0.62
251 0.75
252 0.74
253 0.74
254 0.66
255 0.68
256 0.73
257 0.74
258 0.69
259 0.7
260 0.78
261 0.64
262 0.7
263 0.7
264 0.71
265 0.65
266 0.71
267 0.63
268 0.68
269 0.67
270 0.71
271 0.63
272 0.67
273 0.75
274 0.65
275 0.65
276 0.73
277 0.72
278 0.68
279 0.79
280 0.69
281 0.67
282 0.66
283 0.68
284 0.7
285 0.65
286 0.68
287 0.66
288 0.62
289 0.74
290 0.7
291 0.7
292 0.66
293 0.74
294 0.62
295 0.76
296 0.61
297 0.71
298 0.65
299 0.73
300 0.66
301 0.64
302 0.73
303 0.66
304 0.66
305 0.72
306 0.73
307 0.72
308 0.64
309 0.62
310 0.67
311 0.7
312 0.7
313 0.73
314 0.65
315 0.71
316 0.7
317 0.74
318 0.61
319 0.73
320 0.63
321 0.64
322 0.68
323 0.69
324 0.65
325 0.75
326 0.65
327 0.72
328 0.61
329 0.68
330 0.76
331 0.68
332 0.62
333 0.66
334 0.67
335 0.67
336 0.72
337 0.66
338 0.71
339 0.67
340 0.68
341 0.72
342 0.66
343 0.73
344 0.7
345 0.74
346 0.58
347 0.68
348 0.7
349 0.62
350 0.76
351 0.67
352 0.63
353 0.72
354 0.81
355 0.67
356 0.66
357 0.59
358 0.76
359 0.73
360 0.68
361 0.64
362 0.67
363 0.65
364 0.72
365 0.69
366 0.67
367 0.65
368 0.73
369 0.73
370 0.74
371 0.63
372 0.66
373 0.68
374 0.67
375 0.69
376 0.62
377 0.68
378 0.69
379 0.59
380 0.66
381 0.67
382 0.74
383 0.68
384 0.62
385 0.72
386 0.67
387 0.62
388 0.76
389 0.75
390 0.65
391 0.66
392 0.66
393 0.7
394 0.65
395 0.69
396 0.7
397 0.65
398 0.64
399 0.66
400 0.63
401 0.7
402 0.67
403 0.71
404 0.72
405 0.59
406 0.68
407 0.65
408 0.67
409 0.66
410 0.66
411 0.73
412 0.68
413 0.73
414 0.66
415 0.73
416 0.6
417 0.58
418 0.67
419 0.74
420 0.64
421 0.71
422 0.65
423 0.72
424 0.64
425 0.67
426 0.79
427 0.64
428 0.67
429 0.57
430 0.69
431 0.65
432 0.65
433 0.72
434 0.68
435 0.62
436 0.68
437 0.54
438 0.67
439 0.72
440 0.72
441 0.7
442 0.7
443 0.74
444 0.62
445 0.74
446 0.7
447 0.68
448 0.68
449 0.7
450 0.67
451 0.66
452 0.67
453 0.52
454 0.62
455 0.62
456 0.72
457 0.64
458 0.71
459 0.64
460 0.66
461 0.63
462 0.73
463 0.71
464 0.64
465 0.6
466 0.67
467 0.76
468 0.7
469 0.63
470 0.66
471 0.57
472 0.81
473 0.68
474 0.75
475 0.72
476 0.77
477 0.69
478 0.61
479 0.63
480 0.73
481 0.7
482 0.64
483 0.64
484 0.69
485 0.67
486 0.72
487 0.63
488 0.7
489 0.69
490 0.63
491 0.65
492 0.75
493 0.7
494 0.82
495 0.67
496 0.72
497 0.78
498 0.67
499 0.63
500 0.66
501 0.67
502 0.7
503 0.69
504 0.7
505 0.69
506 0.72
507 0.59
508 0.63
509 0.61
510 0.71
511 0.68
512 0.67
513 0.61
514 0.64
515 0.69
516 0.69
517 0.69
518 0.68
519 0.69
520 0.69
521 0.61
522 0.72
523 0.61
524 0.49
525 0.69
526 0.71
527 0.73
528 0.66
529 0.6
530 0.68
531 0.76
532 0.52
533 0.76
534 0.64
535 0.7
536 0.76
537 0.62
538 0.69
539 0.66
540 0.64
541 0.67
542 0.61
543 0.69
544 0.7
545 0.67
546 0.73
547 0.75
548 0.68
549 0.63
550 0.56
551 0.6
552 0.78
553 0.66
554 0.74
555 0.68
556 0.65
557 0.71
558 0.67
559 0.69
560 0.62
561 0.74
562 0.74
563 0.67
564 0.62
565 0.67
566 0.72
567 0.72
568 0.64
569 0.69
570 0.69
571 0.72
572 0.68
573 0.72
574 0.64
575 0.73
576 0.66
577 0.64
578 0.68
579 0.69
580 0.68
581 0.62
582 0.72
583 0.65
584 0.68
585 0.67
586 0.67
587 0.72
588 0.72
589 0.57
590 0.66
591 0.63
592 0.72
593 0.65
594 0.68
595 0.65
596 0.74
597 0.71
598 0.72
599 0.72
600 0.64
601 0.68
602 0.62
603 0.68
604 0.7
605 0.67
606 0.67
607 0.76
608 0.75
609 0.57
610 0.67
611 0.63
612 0.64
613 0.69
614 0.68
615 0.65
616 0.73
617 0.74
618 0.75
619 0.59
620 0.63
621 0.66
622 0.63
623 0.65
624 0.72
625 0.7
626 0.71
627 0.6
628 0.65
629 0.68
630 0.67
631 0.66
632 0.65
633 0.66
634 0.75
635 0.72
636 0.7
637 0.65
638 0.6
639 0.73
640 0.66
641 0.64
642 0.7
643 0.77
644 0.67
645 0.71
646 0.71
647 0.65
648 0.68
649 0.69
650 0.68
651 0.7
652 0.6
653 0.62
654 0.68
655 0.72
656 0.65
657 0.62
658 0.72
659 0.6
660 0.75
661 0.72
662 0.64
663 0.66
664 0.6
665 0.72
666 0.65
667 0.7
668 0.63
669 0.61
670 0.66
671 0.65
672 0.66
673 0.66
674 0.67
675 0.65
676 0.74
677 0.69
678 0.8
679 0.69
680 0.72
681 0.65
682 0.64
683 0.74
684 0.75
685 0.65
686 0.66
687 0.65
688 0.68
689 0.61
690 0.72
691 0.66
692 0.63
693 0.65
694 0.64
695 0.61
696 0.68
697 0.63
698 0.68
699 0.69
700 0.66
701 0.63
702 0.65
703 0.62
704 0.72
705 0.68
706 0.68
707 0.72
708 0.68
709 0.62
710 0.61
711 0.72
712 0.7
713 0.66
714 0.73
715 0.62
716 0.62
717 0.65
718 0.71
719 0.71
720 0.71
721 0.72
722 0.63
723 0.66
724 0.64
725 0.71
726 0.69
727 0.64
728 0.6
729 0.75
730 0.58
731 0.61
732 0.7
733 0.62
734 0.72
735 0.51
736 0.74
737 0.67
738 0.74
739 0.76
740 0.72
741 0.69
742 0.71
743 0.58
744 0.69
745 0.76
746 0.66
747 0.69
748 0.66
749 0.66
750 0.67
751 0.68
752 0.71
753 0.61
754 0.62
755 0.58
756 0.78
757 0.62
758 0.64
759 0.65
760 0.65
761 0.64
762 0.71
763 0.69
764 0.57
765 0.6
766 0.67
767 0.69
768 0.75
769 0.68
770 0.67
771 0.65
772 0.62
773 0.68
774 0.71
775 0.65
776 0.57
777 0.64
778 0.71
779 0.74
780 0.68
781 0.58
782 0.68
783 0.72
784 0.64
785 0.62
786 0.72
787 0.7
788 0.58
789 0.69
790 0.69
791 0.65
792 0.69
793 0.64
794 0.65
795 0.67
796 0.72
797 0.72
798 0.63
799 0.74
800 0.59
801 0.7
802 0.72
803 0.66
804 0.66
805 0.66
806 0.63
807 0.67
808 0.6
809 0.7
810 0.64
811 0.7
812 0.65
813 0.76
814 0.63
815 0.79
816 0.78
817 0.63
818 0.64
819 0.64
820 0.68
821 0.73
822 0.72
823 0.67
824 0.72
825 0.66
826 0.71
827 0.69
828 0.67
829 0.72
830 0.69
831 0.67
832 0.71
833 0.67
834 0.69
835 0.71
836 0.7
837 0.67
838 0.67
839 0.68
840 0.64
841 0.72
842 0.64
843 0.63
844 0.7
845 0.58
846 0.71
847 0.54
848 0.65
849 0.66
850 0.67
851 0.67
852 0.75
853 0.72
854 0.64
855 0.66
856 0.68
857 0.74
858 0.64
859 0.67
860 0.58
861 0.74
862 0.7
863 0.67
864 0.69
865 0.73
866 0.62
867 0.7
868 0.68
869 0.74
870 0.72
871 0.64
872 0.62
873 0.68
874 0.64
875 0.68
876 0.69
877 0.72
878 0.64
879 0.62
880 0.69
881 0.68
882 0.74
883 0.68
884 0.7
885 0.77
886 0.65
887 0.65
888 0.64
889 0.73
890 0.65
891 0.6
892 0.67
893 0.7
894 0.65
895 0.58
896 0.63
897 0.64
898 0.71
899 0.73
900 0.66
901 0.64
902 0.7
903 0.7
904 0.7
905 0.63
906 0.74
907 0.72
908 0.74
909 0.75
910 0.7
911 0.64
912 0.72
913 0.61
914 0.7
915 0.63
916 0.64
917 0.62
918 0.62
919 0.62
920 0.73
921 0.65
922 0.71
923 0.61
924 0.66
925 0.74
926 0.62
927 0.64
928 0.64
929 0.65
930 0.71
931 0.67
932 0.63
933 0.62
934 0.73
935 0.69
936 0.67
937 0.68
938 0.68
939 0.69
940 0.6
941 0.71
942 0.64
943 0.58
944 0.53
945 0.6
946 0.77
947 0.7
948 0.64
949 0.66
950 0.64
951 0.61
952 0.69
953 0.67
954 0.68
955 0.65
956 0.71
957 0.69
958 0.73
959 0.74
960 0.65
961 0.63
962 0.71
963 0.69
964 0.64
965 0.71
966 0.75
967 0.74
968 0.65
969 0.58
970 0.6
971 0.68
972 0.77
973 0.69
974 0.65
975 0.65
976 0.62
977 0.69
978 0.65
979 0.65
980 0.66
981 0.68
982 0.67
983 0.72
984 0.69
985 0.72
986 0.67
987 0.73
988 0.67
989 0.71
990 0.66
991 0.62
992 0.7
993 0.69
994 0.69
995 0.6
996 0.68
997 0.72
998 0.64
999 0.67
1000 0.69
