1 1.0
2 1.0
3 0.5
4 0.52
5 0.4
6 0.38
7 0.34
8 0.31
9 0.27
10 0.3
11 0.18
12 0.18
13 0.25
14 0.2
15 0.22
16 0.18
17 0.21
18 0.27
19 0.17
20 0.11
21 0.22
22 0.19
23 0.17
24 0.22
25 0.13
26 0.2
27 0.21
28 0.2
29 0.12
30 0.09
31 0.14
32 0.11
33 0.18
34 0.11
35 0.19
36 0.16
37 0.1
38 0.17
39 0.09
40 0.14
41 0.22
42 0.08
43 0.14
44 0.13
45 0.14
46 0.11
47 0.21
48 0.14
49 0.12
50 0.15
51 0.13
52 0.09
53 0.1
54 0.09
55 0.09
56 0.13
57 0.05
58 0.11
59 0.14
60 0.09
61 0.12
62 0.07
63 0.14
64 0.12
65 0.13
66 0.11
67 0.07
68 0.18
69 0.1
70 0.13
71 0.07
72 0.07
73 0.19
74 0.14
75 0.13
76 0.13
77 0.05
78 0.09
79 0.02
80 0.14
81 0.11
82 0.14
83 0.06
84 0.13
85 0.04
86 0.13
87 0.12
88 0.1
89 0.09
90 0.04
91 0.13
92 0.1
93 0.08
94 0.12
95 0.09
96 0.11
97 0.05
98 0.12
99 0.09
100 0.06
101 0.14
102 0.1
103 0.1
104 0.08
105 0.07
106 0.09
107 0.13
108 0.07
109 0.08
110 0.09
111 0.09
112 0.08
113 0.06
114 0.07
115 0.1
116 0.04
117 0.08
118 0.09
119 0.08
120 0.08
121 0.08
122 0.02
123 0.04
124 0.07
125 0.12
126 0.07
127 0.1
128 0.06
129 0.11
130 0.06
131 0.07
132 0.05
133 0.06
134 0.01
135 0.08
136 0.05
137 0.06
138 0.11
139 0.07
140 0.06
141 0.08
142 0.05
143 0.06
144 0.1
145 0.07
146 0.07
147 0.05
148 0.04
149 0.06
150 0.04
151 0.07
152 0.07
153 0.03
154 0.09
155 0.07
156 0.1
157 0.06
158 0.04
159 0.06
160 0.04
161 0.06
162 0.07
163 0.05
164 0.06
165 0.04
166 0.03
167 0.06
168 0.07
169 0.04
170 0.09
171 0.06
172 0.04
173 0.1
174 0.09
175 0.03
176 0.06
177 0.05
178 0.1
179 0.09
180 0.05
181 0.03
182 0.07
183 0.09
184 0.05
185 0.03
186 0.03
187 0.09
188 0.06
189 0.03
190 0.05
191 0.03
192 0.03
193 0.07
194 0.05
195 0.11
196 0.05
197 0.02
198 0.06
199 0.08
200 0.05
201 0.04
202 0.03
203 0.06
204 0.03
205 0.1
206 0.05
207 0.07
208 0.03
209 0.09
210 0.08
211 0.04
212 0.07
213 0.07
214 0.04
215 0.07
216 0.04
217 0.03
218 0.03
219 0.04
220 0.07
221 0.08
222 0.0
223 0.04
224 0.06
225 0.03
226 0.04
227 0.05
228 0.08
229 0.07
230 0.03
231 0.09
232 0.05
233 0.05
234 0.06
235 0.08
236 0.06
237 0.03
238 0.04
239 0.08
240 0.04
241 0.03
242 0.01
243 0.05
244 0.04
245 0.04
246 0.01
247 0.06
248 0.03
249 0.01
250 0.06
251 0.02
252 0.05
253 0.04
254 0.02
255 0.07
256 0.04
257 0.02
258 0.07
259 0.02
260 0.04
261 0.04
262 0.04
263 0.04
264 0.11
265 0.03
266 0.05
267 0.03
268 0.05
269 0.06
270 0.06
271 0.03
272 0.07
273 0.04
274 0.05
275 0.04
276 0.03
277 0.06
278 0.04
279 0.03
280 0.01
281 0.02
282 0.06
283 0.04
284 0.04
285 0.05
286 0.03
287 0.08
288 0.01
289 0.03
290 0.04
291 0.04
292 0.03
293 0.03
294 0.11
295 0.05
296 0.08
297 0.09
298 0.05
299 0.04
300 0.05
301 0.03
302 0.06
303 0.03
304 0.07
305 0.05
306 0.06
307 0.04
308 0.04
309 0.03
310 0.05
311 0.02
312 0.03
313 0.07
314 0.02
315 0.09
316 0.08
317 0.05
318 0.12
319 0.01
320 0.06
321 0.03
322 0.02
323 0.08
324 0.05
325 0.04
326 0.05
327 0.02
328 0.05
329 0.03
330 0.04
331 0.01
332 0.04
333 0.03
334 0.03
335 0.06
336 0.04
337 0.05
338 0.06
339 0.03
340 0.06
341 0.02
342 0.04
343 0.02
344 0.05
345 0.07
346 0.02
347 0.05
348 0.04
349 0.05
350 0.02
351 0.02
352 0.03
353 0.04
354 0.05
355 0.03
356 0.03
357 0.04
358 0.05
359 0.03
360 0.05
361 0.0
362 0.07
363 0.05
364 0.0
365 0.06
366 0.03
367 0.08
368 0.04
369 0.06
370 0.02
371 0.04
372 0.06
373 0.05
374 0.02
375 0.03
376 0.04
377 0.05
378 0.03
379 0.04
380 0.04
381 0.05
382 0.07
383 0.03
384 0.01
385 0.05
386 0.04
387 0.06
388 0.03
389 0.05
390 0.04
391 0.04
392 0.04
393 0.0
394 0.04
395 0.04
396 0.02
397 0.04
398 0.03
399 0.04
400 0.02
401 0.03
402 0.04
403 0.04
404 0.02
405 0.02
406 0.02
407 0.02
408 0.03
409 0.02
410 0.03
411 0.09
412 0.0
413 0.02
414 0.07
415 0.04
416 0.01
417 0.08
418 0.05
419 0.06
420 0.02
421 0.03
422 0.01
423 0.03
424 0.04
425 0.02
426 0.03
427 0.02
428 0.03
429 0.06
430 0.02
431 0.03
432 0.03
433 0.03
434 0.04
435 0.03
436 0.05
437 0.03
438 0.04
439 0.04
440 0.04
441 0.03
442 0.02
443 0.04
444 0.04
445 0.04
446 0.03
447 0.07
448 0.02
449 0.02
450 0.04
451 0.07
452 0.09
453 0.04
454 0.02
455 0.07
456 0.03
457 0.05
458 0.03
459 0.02
460 0.04
461 0.06
462 0.05
463 0.03
464 0.04
465 0.05
466 0.02
467 0.02
468 0.01
469 0.04
470 0.01
471 0.04
472 0.06
473 0.06
474 0.04
475 0.01
476 0.02
477 0.03
478 0.01
479 0.03
480 0.02
481 0.04
482 0.05
483 0.06
484 0.01
485 0.04
486 0.01
487 0.03
488 0.02
489 0.05
490 0.03
491 0.03
492 0.04
493 0.04
494 0.04
495 0.05
496 0.05
497 0.03
498 0.03
499 0.06
500 0.06
501 0.05
502 0.03
503 0.03
504 0.09
505 0.04
506 0.03
507 0.05
508 0.07
509 0.02
510 0.02
511 0.02
512 0.02
513 0.02
514 0.1
515 0.04
516 0.03
517 0.01
518 0.01
519 0.02
520 0.03
521 0.04
522 0.04
523 0.01
524 0.03
525 0.03
526 0.05
527 0.07
528 0.05
529 0.01
530 0.03
531 0.05
532 0.04
533 0.04
534 0.03
535 0.05
536 0.04
537 0.04
538 0.04
539 0.05
540 0.06
541 0.03
542 0.01
543 0.0
544 0.05
545 0.02
546 0.04
547 0.02
548 0.06
549 0.03
550 0.03
551 0.03
552 0.04
553 0.03
554 0.03
555 0.04
556 0.03
557 0.02
558 0.03
559 0.06
560 0.02
561 0.05
562 0.01
563 0.07
564 0.05
565 0.01
566 0.02
567 0.02
568 0.04
569 0.04
570 0.02
571 0.03
572 0.0
573 0.01
574 0.0
575 0.02
576 0.04
577 0.04
578 0.07
579 0.05
580 0.04
581 0.08
582 0.03
583 0.05
584 0.03
585 0.02
586 0.01
587 0.03
588 0.04
589 0.01
590 0.01
591 0.05
592 0.03
593 0.02
594 0.05
595 0.01
596 0.0
597 0.03
598 0.05
599 0.02
600 0.0
601 0.04
602 0.06
603 0.03
604 0.02
605 0.03
606 0.04
607 0.06
608 0.02
609 0.04
610 0.01
611 0.06
612 0.02
613 0.02
614 0.03
615 0.0
616 0.04
617 0.03
618 0.04
619 0.04
620 0.01
621 0.05
622 0.03
623 0.01
624 0.06
625 0.04
626 0.04
627 0.02
628 0.01
629 0.05
630 0.05
631 0.07
632 0.01
633 0.05
634 0.04
635 0.01
636 0.02
637 0.05
638 0.03
639 0.03
640 0.09
641 0.01
642 0.02
643 0.01
644 0.04
645 0.03
646 0.03
647 0.01
648 0.02
649 0.07
650 0.02
651 0.01
652 0.03
653 0.01
654 0.05
655 0.01
656 0.03
657 0.04
658 0.03
659 0.03
660 0.0
661 0.01
662 0.01
663 0.03
664 0.03
665 0.05
666 0.02
667 0.07
668 0.04
669 0.04
670 0.02
671 0.02
672 0.02
673 0.04
674 0.03
675 0.03
676 0.02
677 0.04
678 0.04
679 0.01
680 0.03
681 0.01
682 0.03
683 0.03
684 0.02
685 0.01
686 0.01
687 0.05
688 0.03
689 0.03
690 0.03
691 0.03
692 0.01
693 0.03
694 0.02
695 0.0
696 0.05
697 0.01
698 0.04
699 0.03
700 0.04
701 0.02
702 0.03
703 0.02
704 0.01
705 0.04
706 0.01
707 0.05
708 0.03
709 0.03
710 0.01
711 0.06
712 0.07
713 0.02
714 0.02
715 0.02
716 0.02
717 0.05
718 0.03
719 0.03
720 0.01
721 0.01
722 0.03
723 0.01
724 0.04
725 0.02
726 0.02
727 0.01
728 0.02
729 0.02
730 0.02
731 0.05
732 0.03
733 0.05
734 0.04
735 0.02
736 0.01
737 0.03
738 0.01
739 0.02
740 0.02
741 0.03
742 0.02
743 0.04
744 0.03
745 0.03
746 0.0
747 0.04
748 0.04
749 0.03
750 0.04
751 0.01
752 0.03
753 0.04
754 0.04
755 0.04
756 0.04
757 0.01
758 0.07
759 0.03
760 0.02
761 0.02
762 0.02
763 0.08
764 0.02
765 0.04
766 0.0
767 0.03
768 0.01
769 0.02
770 0.03
771 0.01
772 0.0
773 0.02
774 0.04
775 0.03
776 0.02
777 0.01
778 0.05
779 0.02
780 0.04
781 0.05
782 0.04
783 0.04
784 0.02
785 0.04
786 0.01
787 0.01
788 0.03
789 0.04
790 0.04
791 0.01
792 0.01
793 0.06
794 0.0
795 0.03
796 0.03
797 0.01
798 0.01
799 0.03
800 0.04
801 0.03
802 0.09
803 0.05
804 0.02
805 0.04
806 0.0
807 0.03
808 0.0
809 0.04
810 0.01
811 0.03
812 0.03
813 0.03
814 0.02
815 0.01
816 0.02
817 0.04
818 0.03
819 0.01
820 0.02
821 0.06
822 0.02
823 0.04
824 0.03
825 0.04
826 0.04
827 0.02
828 0.01
829 0.02
830 0.04
831 0.01
832 0.03
833 0.06
834 0.05
835 0.03
836 0.04
837 0.01
838 0.01
839 0.02
840 0.03
841 0.04
842 0.01
843 0.06
844 0.03
845 0.0
846 0.01
847 0.04
848 0.05
849 0.05
850 0.03
851 0.0
852 0.04
853 0.04
854 0.03
855 0.04
856 0.02
857 0.0
858 0.05
859 0.02
860 0.04
861 0.02
862 0.02
863 0.0
864 0.02
865 0.02
866 0.03
867 0.03
868 0.06
869 0.03
870 0.01
871 0.06
872 0.04
873 0.02
874 0.04
875 0.04
876 0.0
877 0.06
878 0.04
879 0.01
880 0.02
881 0.02
882 0.03
883 0.02
884 0.01
885 0.05
886 0.07
887 0.02
888 0.06
889 0.03
890 0.03
891 0.02
892 0.03
893 0.03
894 0.05
895 0.04
896 0.0
897 0.0
898 0.0
899 0.02
900 0.01
901 0.04
902 0.01
903 0.03
904 0.02
905 0.02
906 0.04
907 0.04
908 0.01
909 0.03
910 0.02
911 0.06
912 0.01
913 0.1
914 0.01
915 0.0
916 0.03
917 0.06
918 0.01
919 0.04
920 0.01
921 0.04
922 0.02
923 0.05
924 0.06
925 0.02
926 0.03
927 0.06
928 0.0
929 0.01
930 0.02
931 0.05
932 0.02
933 0.01
934 0.04
935 0.05
936 0.02
937 0.01
938 0.02
939 0.0
940 0.04
941 0.01
942 0.02
943 0.03
944 0.04
945 0.03
946 0.02
947 0.01
948 0.01
949 0.05
950 0.02
951 0.03
952 0.01
953 0.02
954 0.06
955 0.04
956 0.01
957 0.01
958 0.05
959 0.05
960 0.03
961 0.03
962 0.05
963 0.02
964 0.01
965 0.03
966 0.02
967 0.04
968 0.04
969 0.02
970 0.02
971 0.03
972 0.02
973 0.01
974 0.02
975 0.02
976 0.0
977 0.02
978 0.02
979 0.04
980 0.07
981 0.01
982 0.04
983 0.0
984 0.02
985 0.02
986 0.01
987 0.03
988 0.02
989 0.05
990 0.0
991 0.03
992 0.06
993 0.03
994 0.05
995 0.05
996 0.04
997 0.01
998 0.05
999 0.06
1000 0.03
