1 1.0
2 1.0
3 0.74
4 0.74
5 0.73
6 0.68
7 0.63
8 0.64
9 0.65
10 0.56
11 0.51
12 0.67
13 0.56
14 0.62
15 0.6
16 0.52
17 0.52
18 0.56
19 0.54
20 0.54
21 0.54
22 0.55
23 0.55
24 0.44
25 0.52
26 0.52
27 0.48
28 0.56
29 0.44
30 0.47
31 0.46
32 0.49
33 0.47
34 0.46
35 0.54
36 0.48
37 0.5
38 0.45
39 0.52
40 0.52
41 0.53
42 0.42
43 0.54
44 0.45
45 0.42
46 0.5
47 0.47
48 0.49
49 0.54
50 0.47
51 0.45
52 0.5
53 0.5
54 0.47
55 0.46
56 0.44
57 0.45
58 0.44
59 0.41
60 0.51
61 0.5
62 0.45
63 0.43
64 0.45
65 0.54
66 0.41
67 0.36
68 0.36
69 0.43
70 0.49
71 0.48
72 0.45
73 0.4
74 0.44
75 0.49
76 0.47
77 0.37
78 0.44
79 0.34
80 0.43
81 0.42
82 0.35
83 0.5
84 0.46
85 0.4
86 0.4
87 0.38
88 0.47
89 0.35
90 0.46
91 0.49
92 0.51
93 0.42
94 0.44
95 0.47
96 0.47
97 0.4
98 0.31
99 0.39
100 0.4
101 0.44
102 0.38
103 0.47
104 0.43
105 0.42
106 0.4
107 0.47
108 0.35
109 0.39
110 0.54
111 0.56
112 0.4
113 0.42
114 0.49
115 0.34
116 0.37
117 0.41
118 0.35
119 0.42
120 0.44
121 0.43
122 0.41
123 0.46
124 0.44
125 0.41
126 0.47
127 0.4
128 0.46
129 0.35
130 0.32
131 0.42
132 0.41
133 0.43
134 0.45
135 0.37
136 0.38
137 0.36
138 0.43
139 0.42
140 0.34
141 0.44
142 0.43
143 0.41
144 0.36
145 0.35
146 0.41
147 0.43
148 0.36
149 0.5
150 0.42
151 0.42
152 0.47
153 0.42
154 0.39
155 0.43
156 0.39
157 0.4
158 0.39
159 0.4
160 0.35
161 0.4
162 0.4
163 0.45
164 0.39
165 0.3
166 0.37
167 0.37
168 0.37
169 0.31
170 0.4
171 0.35
172 0.4
173 0.4
174 0.36
175 0.4
176 0.46
177 0.42
178 0.39
179 0.51
180 0.45
181 0.38
182 0.42
183 0.47
184 0.39
185 0.39
186 0.4
187 0.44
188 0.41
189 0.41
190 0.38
191 0.35
192 0.36
193 0.44
194 0.33
195 0.4
196 0.41
197 0.43
198 0.35
199 0.35
200 0.4
201 0.37
202 0.39
203 0.42
204 0.38
205 0.43
206 0.36
207 0.36
208 0.34
209 0.44
210 0.36
211 0.32
212 0.41
213 0.42
214 0.32
215 0.4
216 0.42
217 0.4
218 0.44
219 0.37
220 0.42
221 0.36
222 0.36
223 0.41
224 0.37
225 0.37
226 0.37
227 0.37
228 0.41
229 0.4
230 0.36
231 0.45
232 0.39
233 0.35
234 0.4
235 0.35
236 0.3
237 0.45
238 0.38
239 0.36
240 0.32
241 0.32
242 0.43
243 0.34
244 0.35
245 0.4
246 0.5
247 0.35
248 0.41
249 0.34
250 0.4
251 0.33
252 0.35
253 0.36
254 0.33
255 0.35
256 0.35
257 0.38
258 0.38
259 0.38
260 0.39
261 0.38
262 0.37
263 0.37
264 0.45
265 0.4
266 0.38
267 0.39
268 0.44
269 0.37
270 0.34
271 0.4
272 0.31
273 0.28
274 0.38
275 0.46
276 0.32
277 0.36
278 0.37
279 0.38
280 0.4
281 0.33
282 0.37
283 0.34
284 0.45
285 0.34
286 0.39
287 0.33
288 0.4
289 0.39
290 0.38
291 0.45
292 0.21
293 0.38
294 0.3
295 0.33
296 0.33
297 0.38
298 0.43
299 0.36
300 0.36
301 0.41
302 0.25
303 0.38
304 0.35
305 0.38
306 0.36
307 0.41
308 0.36
309 0.4
310 0.31
311 0.44
312 0.43
313 0.39
314 0.35
315 0.4
316 0.32
317 0.42
318 0.42
319 0.45
320 0.29
321 0.33
322 0.32
323 0.34
324 0.35
325 0.34
326 0.35
327 0.38
328 0.38
329 0.4
330 0.42
331 0.26
332 0.36
333 0.3
334 0.32
335 0.34
336 0.43
337 0.41
338 0.35
339 0.35
340 0.34
341 0.35
342 0.35
343 0.45
344 0.42
345 0.35
346 0.33
347 0.37
348 0.34
349 0.36
350 0.39
351 0.3
352 0.34
353 0.34
354 0.43
355 0.37
356 0.35
357 0.46
358 0.37
359 0.3
360 0.38
361 0.39
362 0.36
363 0.32
364 0.4
365 0.32
366 0.42
367 0.4
368 0.33
369 0.33
370 0.39
371 0.36
372 0.37
373 0.33
374 0.32
375 0.45
376 0.42
377 0.39
378 0.39
379 0.41
380 0.36
381 0.32
382 0.36
383 0.22
384 0.35
385 0.38
386 0.36
387 0.42
388 0.43
389 0.4
390 0.33
391 0.38
392 0.28
393 0.41
394 0.36
395 0.38
396 0.38
397 0.39
398 0.35
399 0.31
400 0.43
401 0.43
402 0.37
403 0.38
404 0.44
405 0.3
406 0.37
407 0.29
408 0.3
409 0.33
410 0.41
411 0.39
412 0.3
413 0.33
414 0.32
415 0.31
416 0.37
417 0.39
418 0.36
419 0.25
420 0.34
421 0.31
422 0.27
423 0.23
424 0.41
425 0.35
426 0.35
427 0.32
428 0.36
429 0.3
430 0.41
431 0.35
432 0.43
433 0.28
434 0.38
435 0.37
436 0.4
437 0.29
438 0.33
439 0.35
440 0.37
441 0.28
442 0.38
443 0.28
444 0.31
445 0.31
446 0.29
447 0.37
448 0.37
449 0.34
450 0.29
451 0.36
452 0.39
453 0.35
454 0.34
455 0.33
456 0.31
457 0.31
458 0.36
459 0.37
460 0.31
461 0.34
462 0.34
463 0.37
464 0.38
465 0.33
466 0.29
467 0.37
468 0.36
469 0.39
470 0.37
471 0.32
472 0.39
473 0.31
474 0.31
475 0.43
476 0.35
477 0.24
478 0.37
479 0.36
480 0.23
481 0.31
482 0.4
483 0.26
484 0.37
485 0.33
486 0.3
487 0.34
488 0.34
489 0.34
490 0.39
491 0.34
492 0.34
493 0.29
494 0.39
495 0.34
496 0.31
497 0.27
498 0.35
499 0.32
500 0.32
501 0.29
502 0.26
503 0.33
504 0.35
505 0.4
506 0.26
507 0.29
508 0.33
509 0.29
510 0.33
511 0.35
512 0.38
513 0.41
514 0.21
515 0.37
516 0.33
517 0.29
518 0.33
519 0.31
520 0.37
521 0.35
522 0.29
523 0.31
524 0.33
525 0.35
526 0.25
527 0.24
528 0.31
529 0.39
530 0.41
531 0.33
532 0.22
533 0.29
534 0.37
535 0.36
536 0.3
537 0.35
538 0.35
539 0.36
540 0.31
541 0.36
542 0.34
543 0.37
544 0.27
545 0.31
546 0.33
547 0.33
548 0.29
549 0.33
550 0.31
551 0.34
552 0.3
553 0.34
554 0.35
555 0.37
556 0.33
557 0.3
558 0.35
559 0.36
560 0.35
561 0.33
562 0.33
563 0.33
564 0.31
565 0.39
566 0.36
567 0.3
568 0.31
569 0.33
570 0.37
571 0.35
572 0.24
573 0.31
574 0.41
575 0.34
576 0.34
577 0.35
578 0.43
579 0.35
580 0.34
581 0.31
582 0.37
583 0.33
584 0.38
585 0.36
586 0.27
587 0.36
588 0.35
589 0.31
590 0.36
591 0.29
592 0.36
593 0.3
594 0.35
595 0.37
596 0.29
597 0.36
598 0.35
599 0.31
600 0.33
601 0.38
602 0.4
603 0.31
604 0.34
605 0.33
606 0.36
607 0.31
608 0.36
609 0.32
610 0.27
611 0.3
612 0.32
613 0.37
614 0.34
615 0.4
616 0.29
617 0.35
618 0.27
619 0.42
620 0.34
621 0.23
622 0.4
623 0.33
624 0.32
625 0.34
626 0.25
627 0.32
628 0.35
629 0.35
630 0.41
631 0.35
632 0.39
633 0.28
634 0.42
635 0.3
636 0.34
637 0.34
638 0.33
639 0.34
640 0.37
641 0.34
642 0.33
643 0.33
644 0.39
645 0.35
646 0.35
647 0.34
648 0.37
649 0.43
650 0.31
651 0.29
652 0.33
653 0.33
654 0.29
655 0.31
656 0.37
657 0.36
658 0.34
659 0.34
660 0.39
661 0.36
662 0.27
663 0.39
664 0.24
665 0.36
666 0.39
667 0.41
668 0.31
669 0.36
670 0.36
671 0.25
672 0.36
673 0.36
674 0.26
675 0.34
676 0.33
677 0.28
678 0.4
679 0.35
680 0.36
681 0.31
682 0.23
683 0.26
684 0.36
685 0.29
686 0.36
687 0.27
688 0.35
689 0.26
690 0.26
691 0.31
692 0.35
693 0.36
694 0.46
695 0.34
696 0.38
697 0.35
698 0.32
699 0.28
700 0.27
701 0.3
702 0.3
703 0.37
704 0.4
705 0.28
706 0.36
707 0.36
708 0.34
709 0.34
710 0.29
711 0.34
712 0.34
713 0.37
714 0.4
715 0.34
716 0.3
717 0.35
718 0.31
719 0.3
720 0.25
721 0.32
722 0.36
723 0.37
724 0.31
725 0.33
726 0.32
727 0.31
728 0.37
729 0.4
730 0.35
731 0.3
732 0.26
733 0.39
734 0.45
735 0.41
736 0.29
737 0.32
738 0.33
739 0.32
740 0.31
741 0.31
742 0.39
743 0.34
744 0.33
745 0.33
746 0.29
747 0.33
748 0.33
749 0.3
750 0.51
751 0.28
752 0.34
753 0.28
754 0.24
755 0.31
756 0.34
757 0.33
758 0.29
759 0.38
760 0.26
761 0.33
762 0.33
763 0.29
764 0.32
765 0.26
766 0.28
767 0.32
768 0.35
769 0.32
770 0.31
771 0.37
772 0.26
773 0.26
774 0.28
775 0.3
776 0.27
777 0.27
778 0.31
779 0.33
780 0.38
781 0.29
782 0.32
783 0.36
784 0.35
785 0.29
786 0.32
787 0.35
788 0.3
789 0.38
790 0.33
791 0.32
792 0.41
793 0.31
794 0.27
795 0.39
796 0.32
797 0.41
798 0.29
799 0.34
800 0.31
801 0.34
802 0.33
803 0.32
804 0.38
805 0.27
806 0.29
807 0.32
808 0.35
809 0.31
810 0.39
811 0.29
812 0.34
813 0.23
814 0.35
815 0.36
816 0.24
817 0.33
818 0.33
819 0.34
820 0.31
821 0.31
822 0.32
823 0.31
824 0.4
825 0.2
826 0.25
827 0.28
828 0.27
829 0.34
830 0.32
831 0.29
832 0.31
833 0.3
834 0.31
835 0.33
836 0.42
837 0.32
838 0.25
839 0.33
840 0.45
841 0.35
842 0.35
843 0.32
844 0.35
845 0.36
846 0.33
847 0.32
848 0.38
849 0.34
850 0.35
851 0.28
852 0.3
853 0.22
854 0.34
855 0.37
856 0.39
857 0.27
858 0.4
859 0.29
860 0.33
861 0.28
862 0.26
863 0.33
864 0.31
865 0.41
866 0.38
867 0.37
868 0.3
869 0.36
870 0.4
871 0.37
872 0.35
873 0.28
874 0.25
875 0.24
876 0.34
877 0.39
878 0.31
879 0.3
880 0.31
881 0.29
882 0.33
883 0.28
884 0.35
885 0.32
886 0.4
887 0.29
888 0.33
889 0.37
890 0.34
891 0.34
892 0.34
893 0.33
894 0.25
895 0.26
896 0.3
897 0.33
898 0.28
899 0.31
900 0.37
901 0.25
902 0.26
903 0.28
904 0.21
905 0.29
906 0.37
907 0.33
908 0.35
909 0.31
910 0.34
911 0.27
912 0.29
913 0.37
914 0.38
915 0.27
916 0.31
917 0.38
918 0.32
919 0.33
920 0.36
921 0.31
922 0.39
923 0.29
924 0.36
925 0.29
926 0.33
927 0.39
928 0.28
929 0.35
930 0.32
931 0.33
932 0.38
933 0.28
934 0.31
935 0.34
936 0.31
937 0.34
938 0.35
939 0.34
940 0.3
941 0.33
942 0.38
943 0.31
944 0.33
945 0.34
946 0.33
947 0.38
948 0.35
949 0.33
950 0.34
951 0.22
952 0.41
953 0.32
954 0.3
955 0.34
956 0.25
957 0.37
958 0.29
959 0.3
960 0.27
961 0.35
962 0.25
963 0.36
964 0.36
965 0.33
966 0.35
967 0.31
968 0.31
969 0.34
970 0.3
971 0.37
972 0.29
973 0.25
974 0.39
975 0.32
976 0.26
977 0.31
978 0.36
979 0.27
980 0.31
981 0.31
982 0.32
983 0.27
984 0.29
985 0.35
986 0.33
987 0.26
988 0.39
989 0.34
990 0.35
991 0.37
992 0.3
993 0.26
994 0.37
995 0.37
996 0.33
997 0.29
998 0.36
999 0.39
1000 0.4
