350742
350067
350039
350642
350213
349177
349310
350980
350373
350378
350304
349509
350730
350275
350435
349798
349855
350431
349778
350721
350413
349750
350019
349335
350533
350110
349364
351018
349734
349665
350573
350100
350266
349788
349760
350162
349713
350295
350361
348919
350056
349436
350223
350482
348693
349718
350169
349544
350333
349783
350143
350099
350114
349763
349403
350727
350071
350864
349885
349944
349470
349490
349920
349112
350301
349877
349809
348918
350902
350534
349586
349889
350280
351089
349434
350024
349753
349929
348927
349701
350039
350124
350268
349035
349409
350351
350907
350524
350755
349633
350486
350317
350439
349992
349842
349806
350020
350400
350717
350046
349799
349366
350579
350179
349884
349236
350356
350236
350062
350584
349928
350408
349844
349637
350139
350384
350594
349752
349816
349949
349608
349783
349146
350789
351005
350031
349411
349010
350890
349206
350198
350332
350580
349395
349596
350306
349559
349582
349367
350206
349603
350623
350691
350172
350429
348705
349564
350167
350564
350156
349752
349139
349168
349895
350555
350169
348583
349730
350052
350698
349692
349402
349406
350844
349821
349891
349205
350457
349696
349719
349649
349323
350252
350064
350053
351265
350202
351149
349836
350494
349400
349465
349638
349133
349056
349982
350311
350258
348974
349574
349275
349249
350260
348931
350469
350596
349845
348835
350254
349041
350885
349399
349351
350240
349544
350132
350313
350971
351073
349204
349939
349466
349807
349964
349880
349746
350121
349919
350283
349903
350805
349853
349488
349586
350193
350499
351244
350669
349698
350083
350121
350458
350027
350125
350624
349408
350824
349584
350233
350529
350156
349770
349682
350311
349344
350346
350665
349732
349413
349695
349832
349793
350397
349559
350479
350063
349191
350000
350479
350027
348862
349979
349870
349710
351196
348955
349593
350393
350586
349509
349222
349796
350011
349937
348791
350189
349615
350314
349613
350185
349847
349277
349734
348601
349538
350029
349290
349322
350486
350933
349831
350502
350328
350267
349346
349963
350020
349948
350465
348368
350154
349719
350908
349517
350466
349622
349908
349681
349379
349461
349505
350034
350665
349709
351361
349326
349260
349777
350955
349346
348745
350263
349995
349285
349620
350489
349774
349843
349097
350216
349413
349921
349838
349718
350270
349956
350589
349008
350612
349360
350214
350481
349763
350898
350012
348993
350268
350065
349844
349860
350215
350581
349745
349985
350489
350685
349657
350419
350419
350151
350036
350003
348321
349070
351010
350537
350035
350127
351087
349956
350240
350050
349664
349109
349468
349127
349403
350546
349882
349936
349530
350358
350043
350628
349908
349761
350394
350442
349532
350112
350831
350030
349170
349874
349595
349932
349504
349064
349701
350227
349643
349704
350573
349844
350023
349754
349523
350389
350091
349238
349996
348575
349577
349480
349809
350812
349288
350208
350494
350021
350041
349623
349390
350222
350275
350406
350500
349663
349843
349270
350108
349519
349792
350102
350775
349003
350632
349267
349863
350677
349683
349790
350522
349658
350346
349638
350775
349409
349932
349923
349640
349673
349597
349581
349954
349377
349623
350138
349979
349732
350369
349982
350140
350392
350436
349393
349870
350065
349940
350071
349392
349524
349710
349761
349415
349929
349363
350121
349920
350456
349243
349865
351735
349847
349983
349413
349705
349649
350024
350114
350666
349989
350268
350243
349650
351115
350327
349235
350270
350196
350282
349735
350507
349300
350409
349447
350342
348390
350010
350167
349399
349310
350974
349650
349824
349983
350544
349954
350069
349371
349180
350346
349573
350350
350172
350406
350582
350043
349861
350259
349927
350607
350309
350604
349317
349549
349662
350652
350959
350040
350537
349719
350572
350633
350472
349752
350244
350451
349775
349284
350274
349920
350156
349476
350045
349818
349682
349746
349936
349539
350750
350082
350865
349664
350433
351188
349651
349719
350232
349967
350390
350506
350075
350550
349826
350674
350410
350275
349314
350869
349070
350751
349619
349751
349598
349595
349776
349839
350709
349199
350326
350070
350207
349774
350478
348559
351494
350437
349113
350208
349584
349746
349472
349975
349914
350310
349905
350845
349993
350095
349947
349730
349746
349546
349936
349966
349496
350482
349218
350280
348763
350093
349722
349002
349617
350100
350771
349086
350230
350003
350222
350034
350380
350132
350673
349691
349906
350202
350074
351184
349448
350131
350365
350659
350598
349824
349816
349655
349888
350421
350353
349852
349805
349500
349589
350353
349087
350211
350111
350857
349462
350261
349402
350629
349753
350487
350323
350087
350179
350323
349475
350096
350284
350638
349347
349633
349647
350435
349981
349442
350364
349920
350189
349789
350211
349982
350153
350069
350339
350326
350728
350057
350747
350524
349784
351237
349824
351269
349639
350834
350240
349839
349921
349258
350484
349916
349878
350042
350489
349271
350711
349861
349722
348588
350046
350306
349689
348864
350253
349587
349993
350722
350772
350751
350000
351001
349670
351016
349747
348997
349351
350600
349802
350283
349897
349586
349803
349825
350031
349921
350330
350670
349747
350599
349843
350003
349912
349665
349980
350804
350381
348818
349169
350114
349980
349598
349083
350349
350716
350144
350356
350610
350914
349287
350216
349913
350249
349804
349480
349837
349611
349767
350217
350513
350153
349353
349245
349832
349770
349917
349214
350192
349716
349433
349298
350020
350158
349208
350465
350572
349739
349122
349241
350745
350316
350340
349667
349368
350105
350455
348688
350598
349903
349411
350777
350678
349578
350395
349904
349940
350667
349892
350705
349934
348874
350254
350141
350439
349575
350218
349736
349734
349926
349573
350211
349690
349668
350928
349992
350538
349278
349027
350560
350816
349968
350503
350137
349797
350180
349901
351117
350166
350388
349623
349394
350233
350262
349144
349495
349418
350939
350416
349797
349813
350019
349489
350343
350195
350676
350541
350067
349897
350362
349318
349992
349247
350230
349897
349293
349935
349864
349863
349953
349811
350614
350454
349961
350258
349180
350174
349445
350191
350758
350895
350762
350270
350335
350487
350290
350170
350322
350295
349552
349422
349892
351062
350668
349604
350294
349617
349734
350347
349649
349976
349705
349731
349430
350518
350842
350487
352037
349847
349904
350275
349527
349179
349741
349077
349662
350162
350002
349813
350574
350634
349998
349992
350056
348913
349469
349729
350402
349735
350009
349796
350208
349963
349316
350441
349701
350397
350786
350495
350515
350023
349890
349467
349724
350052
349676
349447
349338
350211
349958
351263
350121
351347
349904
349945
349577
350551
351214
349735
350705
350742
349894
349631
349844
348658
350197
349679
349041
350258
350744
350652
349819
350602
349957
349457
349853
349634
349909
348960
349923
349911
351158
350582
350855
349185
349577
350178
350102
350228
350553
349899
350173
349462
349506
349975
350027
349808
349709
350167
350340
350313
349648
349653
350130
350222
350079
349015
351591
349859
351020
350491
349980
350397
350060
349413
350080
351174
348987
349888
349650
349874
349943
349251
349339
350498
349294
349869
349679
349943
350262
349985
350110
350567
350962
349235
350103
350959
350347
349808
350337
350042
349978
350065
349828
349704
350515
349670
349701
350531
349679
350364
349956
349791
349916
349819
349479
350640
349935
349493
350076
349219
349850
349391
350240
349282
349849
349838
349798
349265
349706
350756
349576
350106
350414
349477
349608
349526
349403
350365
349612
349479
350622
349327
349843
349432
349760
350946
350047
349283
350185
349370
350278
350713
350125
349000
349074
350044
349159
350013
349948
350408
349466
349248
349095
349620
350659
349765
350065
350295
349802
349683
350349
349243
350798
348819
349803
349730
350397
349435
350074
350812
349713
349618
349120
350717
350450
349502
351027
350071
348902
350048
349123
350937
349659
349638
350058
350225
349485
350054
350042
350199
350266
351214
350546
350503
350046
350434
349975
348431
350803
350186
349900
349429
350595
350752
350076
350047
349561
350202
349301
350233
349773
349401
350742
349439
350104
349789
350019
350385
350292
349228
349670
350320
349685
349585
349970
350846
349316
350406
350398
349898
350853
349630
350210
349920
350020
349546
349572
350517
350202
350158
349992
350101
349998
349691
350031
350517
349965
349920
350484
349990
349699
350168
348995
349645
350330
350297
350273
349736
350062
349919
349416
349561
350767
350115
350526
349877
349963
350039
349260
348877
350473
350028
349721
348656
349532
350827
348992
350614
349907
350071
350851
350035
350537
350442
350618
349887
349638
349470
349719
349866
349953
349757
349685
350484
350546
349997
349364
349755
350085
350166
349118
349972
350715
349798
350265
349993
350567
350979
349864
350275
350442
349269
350362
349537
349876
349888
349594
350171
349654
350146
350239
349429
350831
349932
350119
349982
349288
349683
350309
349843
348970
350166
351212
350437
350736
350495
349985
349936
350943
350118
349601
349843
350268
350250
349909
349737
350061
350454
349971
350293
349647
351004
349974
351300
350536
350529
349741
350106
350399
350510
349512
348525
350105
349055
350068
348818
349799
349160
349617
350215
349571
349995
349810
349960
350234
350909
350688
351119
349991
349795
350219
350633
349712
350115
349883
349982
349940
350330
350265
351060
349556
349220
349790
350605
350405
349119
350063
349610
349960
350318
350212
350577
349715
349323
349272
349650
350153
349783
349828
349717
350842
350524
350268
349344
349558
349934
350362
350249
350006
349937
349706
350047
350182
350008
349860
349939
349783
349717
350301
349840
350910
350183
350343
349643
350437
350206
350254
350034
349950
350944
349623
350198
348833
350260
349214
349598
350120
350209
349892
349685
349285
350367
349914
349873
349527
349871
349311
350261
349365
349048
349470
349822
350146
350667
350500
349518
350379
349915
350745
350269
350444
349611
349784
350925
350223
349462
350229
350311
350152
350601
350228
349900
348869
350190
349973
350114
350595
350260
349316
350180
349886
350437
350246
350279
349966
350895
350617
350595
349555
349596
349153
349655
350332
349572
349173
350322
349535
349394
349616
350436
350414
349894
349996
350275
349543
349901
349950
349798
349325
350211
350579
349997
349304
349730
350495
349984
348906
350031
350138
351158
349754
350226
350609
350368
350061
349844
350836
350044
350240
349590
350276
349154
349390
349850
351025
350486
350281
349487
349898
350422
350014
349741
350472
349058
350635
350031
349749
349130
350372
350560
349987
350051
350057
348760
350087
349656
350830
349969
349056
349576
350794
349687
350578
350147
350339
349837
349050
348625
349457
350302
350936
349881
349810
349548
349452
349953
349380
350847
349962
349062
349597
351295
350487
349803
349600
349900
350051
350037
349804
349776
350479
349513
350910
349933
350260
349957
350270
349585
349542
350070
350706
349377
350279
350241
350208
349661
349925
350433
350558
349433
350992
349797
350520
349728
350237
349818
349960
350082
349771
350516
349806
349388
350575
350876
350082
350489
348869
349817
350596
349325
349526
349214
351062
349823
349822
349867
350286
349026
350187
348829
349942
350010
349898
349941
350519
349911
349785
350485
349180
350369
349074
349839
350222
350490
348740
349522
349706
349955
350258
349782
349412
350329
350607
349693
350047
350025
350403
350214
349657
350095
349379
350698
350063
349986
350203
350539
349578
349856
350556
349603
349442
349450
349916
350220
349552
350023
349432
349925
350423
349997
349818
350563
350927
349466
350251
350115
349566
349835
349625
349213
349316
350104
350420
350147
349506
350395
349698
350284
350428
350376
349850
350504
350343
349764
350393
349463
350773
351184
350043
350611
350049
349805
349965
349056
350417
349768
350161
349994
349900
350303
350138
350062
349825
350317
350250
349752
349455
350235
349804
350243
349678
351063
350322
349604
351079
350481
348980
349467
350101
350336
351501
350357
349631
349169
350071
350202
349211
349572
350268
348862
349863
350736
349792
350708
350294
350613
350988
349748
350118
350515
349360
349795
349501
350324
350074
350145
350299
349886
349686
349186
349740
349712
349724
350049
350048
350364
350124
349534
348854
350206
349981
349670
349784
349690
350134
349708
350859
349015
349642
350453
349964
350269
350275
350790
350009
349943
349733
349561
348950
349757
350154
349650
350934
349834
349124
350616
349722
350509
350842
350115
349914
350672
350838
349378
349854
349281
350323
349946
349386
349858
349168
350099
349206
348594
350580
349757
350233
350532
350382
349042
349296
350198
349724
349884
350204
349316
349677
350442
350003
350239
349938
350400
350141
350519
350188
350292
349083
349264
350624
349933
350037
349432
349440
349963
349103
349886
350271
349566
349184
349684
350270
350117
350073
349430
349301
349331
350199
350128
349435
349606
349401
350571
350299
349699
350040
350431
350518
350071
349471
351019
350012
349801
349376
348975
350732
349160
349289
351071
349266
349465
349307
349459
350914
349122
349937
349346
349683
350100
350160
349783
350169
350117
349533
350064
350237
348978
349724
350434
350601
349974
349804
350524
349557
349603
350128
350804
350977
350311
349440
349853
350697
350095
349826
349417
349739
350329
350102
350429
349690
349511
350824
351380
348189
349758
351094
349979
349458
349866
349666
350381
349172
350123
349891
350269
349650
350198
349660
350206
349364
349005
350027
350406
349686
350001
349948
350536
350146
349800
350250
350891
349898
349795
350074
350641
350246
349622
349791
349585
350655
350130
350121
349665
350483
349656
349655
350047
348971
349724
350529
349677
349998
349683
350535
349944
349925
350569
350875
349754
349804
350232
349755
350207
349384
350474
349990
350577
350087
349554
350367
349753
350018
350060
348629
350548
350051
349458
350358
350086
349565
349409
350071
349862
350358
349658
349863
349856
349681
349519
349874
350196
349812
349519
350355
349903
350500
350786
350038
350257
349119
350158
350304
350057
350535
349898
349025
349710
350032
350297
350474
349680
350340
349020
349354
349688
350524
349012
349702
350829
350407
350769
350037
350214
349964
350171
350517
350063
350486
350441
349752
350019
350282
349869
350273
349332
349716
349632
349865
350043
349282
350341
350295
350700
349869
350563
349898
349839
350377
349928
350037
349985
350582
349864
350353
350094
350038
349649
350700
348839
350625
349682
350197
349425
350594
350303
350341
350650
349665
349723
350429
349750
350196
349440
350340
350107
350637
350074
350130
349828
349982
348742
350493
350229
350331
350887
349482
350176
350031
349828
350633
349274
350875
349756
350083
350753
349209
349967
350842
349917
350725
350325
349803
349742
350665
349488
350220
349862
349740
349862
349897
350215
351823
350988
349194
349770
350384
350971
350456
351035
350042
351116
350301
348811
349777
349429
349867
350158
349778
350273
350357
350165
349301
350094
351003
349781
350294
350361
350429
349970
349376
348964
350386
349506
349475
349480
350523
349742
349947
349765
349794
349794
350906
349742
350250
350054
349770
350672
350424
350863
350433
350848
349420
349970
349030
350073
349946
350541
349370
348967
350211
349819
350209
350702
350012
349564
349868
350140
350328
350615
350204
350618
350251
350236
349865
350038
349927
349475
349953
350790
349531
350231
350522
350617
350282
349932
349638
350039
350036
350007
350125
350001
349359
349558
349026
349746
350270
349410
350016
350776
349951
349769
349577
349569
349320
351295
350125
350207
349794
349650
349305
349423
350866
348711
349666
350320
349648
349439
350412
348615
350264
350630
350171
350572
349422
350066
350517
349681
350290
350453
350547
350968
349633
350205
349606
349277
349547
351045
350393
349594
349106
349376
349339
349769
349769
351034
349453
349294
349341
350058
350108
350732
349111
349695
349901
350043
349817
350019
350508
348760
350511
350117
350292
349699
349670
349223
350093
349990
350525
350161
350038
350304
349366
349862
350055
349749
350328
350498
349418
350037
350482
350074
349951
348772
350995
350761
350032
350433
350617
350525
349459
350253
349713
349380
348715
350015
349832
349323
350774
349614
349232
349651
350285
349537
350054
350281
349448
349914
349749
349615
350213
348833
349489
350468
350257
350491
349353
349989
350152
349371
349904
349539
349742
349546
349776
350281
350225
350278
349086
349899
350154
350189
349968
348482
350781
350474
350024
350015
348918
349891
349994
350200
350554
350121
349797
349973
350203
350350
349525
349437
349685
350948
349928
351009
349785
349418
349995
350427
349747
350877
350118
350915
349542
350777
350455
349720
350705
351243
350492
349708
348718
350772
350543
349342
349392
350370
350146
351173
350001
349412
350242
349135
349828
349193
349944
349880
350509
349929
349659
349281
349815
349461
349145
349401
349703
350561
350206
350241
348941
350238
348766
349545
349743
350217
349311
349444
350384
349984
350382
349649
350456
349683
349877
350034
349672
349774
350570
349924
350053
350484
350176
349823
349302
350052
349624
350230
350867
351086
350182
350646
349461
350094
349958
349590
349899
350309
349565
350492
349829
351000
349497
349746
351339
349655
349981
350334
349532
349847
350531
349572
349151
349474
348294
350812
350140
350513
350023
351635
350062
349560
349197
349292
348696
350459
350321
350266
350662
350631
348654
349802
349879
349765
350130
350739
350093
349939
349729
349844
349984
350580
349960
350000
349679
349281
350488
350821
350786
350177
349691
349229
350292
349653
350039
349840
349075
350196
350345
349190
349198
349584
350502
349723
349962
348873
349500
349595
349066
349950
350130
349771
348797
350193
351037
349951
349424
350254
349861
349999
350137
350327
349615
350101
349775
349771
350422
350128
350364
349763
349872
349247
350376
350345
349427
349893
349872
349168
350836
349577
349763
350582
349527
350919
350600
350604
349406
349971
349707
350562
349162
350872
351024
350217
350018
349524
349419
350667
350374
349976
350183
349292
349960
349726
350012
350059
350275
349459
349783
350085
350823
349464
350269
350581
349912
350206
349815
350244
349941
350103
350422
349785
350340
350246
349380
349873
349971
349456
350396
350336
349728
350836
348785
348890
349968
349634
349272
350535
350190
350066
349649
349918
350305
349724
349723
349301
350604
349747
350966
350376
349475
350248
350426
350172
350528
350603
350768
349251
349906
350153
350427
350829
350700
350265
349530
350461
349279
350711
350030
350554
349701
349158
349886
350877
350184
349571
350223
349730
349980
349712
350192
349577
350074
349394
350255
350375
349743
350497
349781
349992
350662
349292
349998
350490
349830
350708
349474
349410
350759
350255
349978
350422
350315
349466
350117
350408
349812
349691
349790
349548
350026
349458
349735
350267
350966
350496
350462
349700
350552
349755
349601
350417
349912
349624
349238
350499
349994
350647
349227
350418
349487
350274
349227
349939
350069
350467
349753
349001
349058
350039
350388
350239
348995
349423
351047
349675
349717
349937
350061
351042
349462
349350
350939
349449
350071
349565
350045
349960
349328
351010
350023
349305
349797
350396
349973
350137
349037
349194
350372
350415
350295
350638
349738
350693
350404
350227
349377
350438
350178
350057
349357
349842
349756
349598
350018
349690
349457
349969
349861
349509
350742
350122
350268
350682
349911
349494
349761
349895
349469
350472
349774
349871
350162
350379
349776
350206
349433
349803
350111
349412
349648
349769
350277
350042
350961
349917
350609
348927
350358
349916
349747
349967
350515
349205
350012
349715
349488
350004
350353
349644
350367
350064
349084
350210
350237
349225
349824
350846
350178
350384
350614
350483
351100
349525
350593
350734
349258
350075
348983
350233
350279
350281
349061
350265
351141
349452
350446
350031
350100
350372
349396
350169
349718
350158
350748
349944
350351
349772
349349
350866
350227
349007
349844
349484
350429
350580
349787
350033
349314
349108
349583
350301
350193
350374
349004
350127
350470
349738
349853
349278
351259
349928
350112
350176
349841
350799
350171
349790
350044
349384
350686
349879
349537
351216
350462
350120
349978
350290
350804
350135
350044
350948
350400
350653
349877
349317
350804
349953
349881
350048
349590
350421
350986
349233
348778
348816
350145
350406
350133
350058
350039
349037
350927
350305
350303
349811
349948
350269
350095
350167
348870
349354
349334
349789
349982
348929
349773
349837
350218
349789
349645
349343
350134
350000
350247
350148
349016
349272
349881
349777
349266
349049
350100
349530
350609
349957
349788
349942
350032
349515
349946
349972
350176
350838
350122
349440
349790
349617
350720
349837
349815
349622
349249
349505
350546
350264
349372
349035
350447
349087
349672
350087
349685
350051
349849
349789
350286
350860
349666
350197
350658
349886
349830
348968
349560
349843
349709
349525
350360
349831
350573
350194
349952
350975
350338
349535
349561
350715
349462
350581
348891
348759
350836
349373
350054
349032
348924
349287
349334
349815
350372
350969
349551
349681
350038
349019
350291
349515
349726
350781
349829
350118
350052
350049
350264
349494
349789
348889
350369
349784
349616
349722
350069
350030
350259
350253
350441
349886
349509
350228
349703
349535
349932
350148
350787
350131
349589
350178
349842
350000
350263
350653
349061
350242
349534
349743
350141
350664
349881
348915
348380
350749
349782
350335
350482
349858
350245
350561
349855
349753
349720
350003
349114
349757
349392
349849
349760
349920
351073
350046
349718
350402
350159
349665
348907
349354
349492
350557
349591
348901
350074
350571
350232
349321
349410
349925
349739
349955
349875
350886
350101
350128
349718
350291
350200
349794
350699
350488
350379
350333
350169
350352
349742
350379
350444
350005
350451
349824
349235
350203
350748
349343
349586
350301
351198
350574
350215
349898
349556
350823
350204
348874
350348
349984
349274
350327
350522
349648
349867
349975
349404
350159
350260
350117
350005
350462
349744
350018
349383
350391
350867
350232
349118
349803
349635
350160
350274
350610
350325
350351
348962
350124
350042
349836
349945
349402
350157
350111
350067
350039
349370
350253
350177
350229
350198
349997
350605
349938
350593
351117
350668
350822
349819
349300
349744
349445
350800
349736
350015
350835
349228
349440
349651
349919
349951
349964
349946
349897
349267
349534
350364
350567
348806
350224
351064
350211
349482
349916
350119
350079
350733
350196
349658
350089
350383
350176
350262
350363
349287
350598
349165
350721
348579
350439
350736
349337
350372
349233
349521
350481
349642
350460
349840
349788
349523
350563
349776
350624
349884
350922
349958
350022
350277
349778
350478
349610
350170
349890
349958
349607
349756
350038
350106
348999
350250
350499
350587
350655
351315
351178
350096
350010
350639
351440
350391
349551
349854
351169
350681
350478
350266
349581
350028
350697
350203
349937
349588
349291
349203
350355
350594
350051
350885
349838
349497
350460
349022
350395
349588
349472
350047
349187
349515
348637
350629
348816
349490
349325
350760
349392
349931
349568
350215
350571
350037
349764
350840
349871
349798
349921
349917
350408
348914
350158
349685
350208
348775
349845
349941
350625
350652
349823
349638
348939
349100
349659
350370
349884
349640
350235
349886
351304
350795
350131
350293
350714
350503
349292
349060
349615
349567
349977
350124
350658
349900
349107
349668
349153
350167
350016
349791
350502
350805
349887
350666
349756
350157
349753
349775
350068
350783
349689
351043
350522
349910
350328
349956
349237
350897
351110
350003
349556
350754
349867
350507
350007
349772
350596
350049
348712
349835
348723
349077
349317
350478
349562
350502
350705
350472
349179
350313
350927
350677
349985
349998
349181
350663
349240
351286
350264
350031
349680
349554
349976
350316
349887
349471
350961
350127
349264
349294
350396
349770
350563
350419
350109
349796
350286
350427
349547
349886
350705
349264
349308
350568
349604
349574
350214
350056
350297
349764
350033
350748
350303
349964
349718
349674
350031
349157
349793
350077
349972
350908
349133
349697
350031
350069
349576
350534
349772
349062
349938
350475
349786
350559
350212
349858
350564
350034
350361
349362
350033
350671
350353
350364
349723
348727
351373
349531
350671
351097
349874
349604
348404
350114
349959
349650
349656
348945
348571
349959
350119
350238
349829
350322
350151
349895
350130
350841
349909
349884
350449
350114
350390
349913
349690
349613
350334
349649
349718
349780
349562
350708
349901
349762
349629
349916
350311
349709
349321
349319
350148
350793
349549
349412
351346
349723
351036
349605
349504
350736
349540
349010
350312
349510
349867
350619
350777
349614
349578
349753
349339
350141
349755
348832
349412
350033
349506
350022
350445
350316
349608
349802
349566
349637
349718
350523
349790
350524
349390
350370
348942
349646
350688
349784
350298
349517
349584
350043
350287
350146
349728
349666
350301
350220
349800
349625
350015
350605
350076
350650
350254
349521
349567
349545
350326
350159
350020
348920
350293
349970
348894
349818
349415
349000
349649
350533
349663
350190
350225
349241
349204
350088
350353
349658
349000
350942
351587
350406
349945
349586
350424
350325
349621
349851
349659
350766
349330
350419
350649
349202
349406
349609
349639
350592
350411
349536
350433
350006
350233
350078
350172
349904
349549
350287
349383
350370
350169
349421
349621
350256
350395
349502
350079
349988
349014
349755
349310
349442
350162
349505
351228
349742
350588
349721
350734
350798
350163
349701
348991
350094
350243
349672
350030
348972
350091
349178
350045
349606
350218
350523
350385
349836
350204
350908
350319
349657
350341
350145
350269
348634
350463
350388
349905
349208
350422
350156
349180
350060
349749
349108
350260
349868
350277
350155
350489
349943
349813
349063
349768
349205
350259
349721
349198
349235
351370
349307
349641
350548
350742
349960
350005
349236
349562
349608
350212
350140
349901
349502
349999
350401
349609
349920
350099
349135
350360
349883
349595
349488
349871
350389
349059
350098
349460
349748
349185
350452
349835
350632
349320
350034
350616
350264
350148
349375
350558
350131
350753
349381
349408
349271
350517
349953
349729
350269
349722
349405
349574
349851
350246
350294
349809
349966
349818
349969
349545
349644
349884
350475
350027
349830
350515
349936
349761
350042
350830
349449
350117
350124
349989
349859
349936
350001
349457
350985
350335
349885
350416
349959
350684
348952
349622
350479
350328
350718
349552
351196
349165
350314
349136
349054
350915
350500
349167
350355
349574
349822
349831
349739
350742
349394
350142
350294
350202
350434
349301
350602
350040
350346
350256
350300
349886
349627
349180
350064
349736
351168
349712
350897
349925
350842
348667
350484
349925
349469
349722
350771
350525
349659
349511
349692
349555
350766
349176
350080
350346
350432
350020
349346
349469
350382
350033
350778
349716
351034
349348
350472
350041
349583
350896
350614
350288
349830
350281
349858
350210
348652
349749
349683
349606
349856
349576
349898
349530
350224
350396
349958
349274
349797
349930
349483
350169
349182
350964
350505
350381
349742
349860
349281
349718
350152
350309
350691
349788
348614
349483
350265
349330
350147
350114
350724
350420
350206
350277
350307
350016
350467
349995
349645
349742
349779
349956
349669
349963
349653
350557
350152
350247
349498
349889
350603
348973
349452
349471
350242
350441
349686
349788
350339
349953
350240
349787
350127
349547
350436
350322
350101
349734
348737
350422
350684
350431
349479
349665
349903
350006
349567
349670
350090
349978
349451
349426
349604
350106
349905
349611
350052
350970
350407
349623
349738
350535
349873
349251
350134
347999
350661
349265
349674
350753
350240
348827
349884
349370
350351
349178
348902
350233
349814
350446
349698
350391
350100
350113
349805
350731
350130
349996
349724
350472
349420
349609
350275
350136
349610
350823
350566
349976
349904
349734
349936
349433
350420
350011
349570
349469
351288
349524
350271
349973
349929
350184
350505
349681
349931
349010
349953
350329
349867
350810
350133
349283
349198
350137
349597
350504
349373
349621
350049
349474
349578
349580
350601
349581
350076
349642
350434
350341
350571
350502
349731
350499
349824
350410
349925
349800
349935
349790
350258
350374
349713
349277
349871
349652
350164
349294
349423
350052
350187
350451
350140
349708
349986
350847
350633
351007
349314
349784
350686
349553
349775
350250
349508
349993
350321
349778
349719
349744
350136
350073
351360
349714
349932
349580
350382
350450
349330
349452
350410
351485
350005
350387
350197
350312
350126
349593
350589
349739
349984
350335
349842
350187
349936
350621
349299
350242
349820
349384
350459
349483
349032
350239
349679
349860
349949
349661
349950
350161
351353
350204
349115
349933
349250
349126
350247
349594
349588
349623
349030
349985
349913
350460
349687
349237
350516
350815
349991
350186
349381
350641
350001
350280
349898
349960
349120
350411
349265
350636
350638
350890
349794
350864
349985
348755
350321
350469
351192
349878
350445
350432
349641
349158
350433
350298
349549
349683
349963
349909
350276
350755
349997
349643
350117
350664
349889
349224
350044
350060
349740
350746
349655
349323
350223
350548
349646
349948
350812
349195
349780
349707
350116
349916
348969
349835
349801
349533
350631
349792
350084
349949
349357
350573
350249
349402
349193
350303
349340
350177
349429
349520
350096
349384
350648
350024
350133
350566
349805
350054
349627
350073
349832
349902
349590
350616
349920
350552
350282
349376
349826
350641
349605
350188
350730
350172
348616
350671
350142
349681
350032
349681
350631
349707
350141
350004
350652
348634
349964
349770
350642
349367
350028
349518
350619
350926
350357
349430
350391
349627
350647
349840
349923
349649
349864
349293
349478
349882
350544
350333
349552
349997
349051
350513
350149
350172
349344
350152
348938
349770
349508
349194
348975
349247
349559
350041
349878
349125
349751
349991
350186
350108
349143
350205
350338
349847
349846
349592
349648
349619
349328
350133
350002
350628
350159
349834
350228
349824
349793
350431
350358
349107
350897
350760
349321
349747
349080
350427
350891
350175
349131
349678
350036
350476
349809
349681
350165
350504
350263
350082
349633
349528
349154
349936
349705
349679
349333
350011
349755
350659
350228
349822
350015
349205
349218
349771
349970
350485
349719
349480
350099
350029
350804
350200
349552
348988
350463
349871
351344
349892
350398
349301
349690
350178
349799
350486
349833
349845
350910
350915
350149
350643
349601
350325
349633
350104
350187
349821
350724
349631
349068
350250
350530
349365
349921
349975
349454
349845
348948
350020
348885
349589
350329
350123
349237
350348
349965
349673
349539
350983
348950
349513
350584
348799
349438
350158
351166
349913
349843
350228
349432
351013
351146
350339
350866
348976
348809
350892
350044
349221
350148
349981
350206
350972
349832
349395
351185
349715
350233
349934
349535
350869
350493
350106
350078
350247
349693
349638
350063
350061
350111
350957
349864
350753
350030
350603
349599
350246
349779
350163
350452
349868
351210
350308
350943
350084
349816
349530
350646
350255
349683
349146
349420
349293
350156
349689
349682
349300
349705
349627
350233
350577
349193
350313
349809
349057
350195
349249
350712
349919
350049
350018
350060
351233
349925
349877
349601
350260
349568
349802
350068
350387
349678
350445
350261
350614
350358
350194
350142
349484
349419
350052
349508
350217
349884
350552
350250
350806
350761
349652
349802
350272
349491
350718
349550
349470
349565
349403
349627
350260
349775
349408
349509
349018
349857
350559
349715
350230
349268
350527
349303
350018
350771
350426
350066
350454
349918
349881
350765
349843
349018
349996
350689
349946
349290
350699
349485
350838
349502
349761
349330
349656
349511
351145
349694
349501
350519
350001
349849
350784
349684
349484
349882
349952
349605
349269
351132
349929
350242
349991
349723
349461
350140
349783
349881
350692
350757
351262
351355
349678
349154
349940
350066
350123
350438
348871
349726
350671
351000
350222
349696
349625
350483
350023
350579
349823
350444
349822
349635
350165
349623
350395
349377
349827
349899
350503
351226
349690
350648
350157
350320
350513
350464
349233
349547
350553
350266
350850
350118
349185
350071
351102
349123
349783
350010
350260
350532
349931
350243
349272
348898
349756
349470
349369
349944
349818
350079
349315
351528
349170
349039
349368
350028
349530
349656
350519
350797
349229
350231
350341
349043
350312
350747
349419
350032
350512
349595
350050
350543
350551
350004
349485
350318
349680
349888
349835
349629
350202
350012
350506
349220
349368
349595
349502
351040
349298
349844
349869
349916
349858
349933
349824
349987
349024
350217
349399
350262
349121
350774
350468
349663
349614
349766
349370
349510
349999
349738
349571
350120
349901
349819
349499
349946
349615
350398
349555
350131
350213
348812
349780
350191
350536
350488
349473
349626
350027
349349
349942
350104
349878
350282
350093
349808
350684
349759
350191
350805
350667
349481
349502
350282
349720
350402
350388
349670
350750
349762
350698
350239
349235
350120
350560
349999
350560
349817
350664
349782
349817
349634
350276
350444
349834
350547
349327
349994
349850
349878
350090
349702
349859
351171
350205
349224
349412
349244
350691
349844
349383
350233
350370
351007
350042
349025
351043
350337
349769
350927
350197
349842
349787
350634
348917
350401
350349
350171
350643
350551
349651
349787
349994
350660
349592
349805
349975
350181
350369
349683
350548
350190
350624
349761
350381
349791
351112
350721
350369
349517
349638
350460
349243
349921
349394
350192
349347
349630
350007
350363
349808
349604
349971
350249
349308
349720
349796
350404
349580
349957
349155
350213
349765
350068
350186
349888
349150
350801
349656
349789
350215
349987
349728
350086
350557
350802
349879
349588
350656
350539
350165
350079
350112
349020
350807
349625
350442
349013
350993
349121
349353
349590
350494
349383
349371
350065
350701
350078
349131
349726
350044
349737
349022
350227
350510
349218
349238
349759
350005
350104
350502
349892
350142
350452
349567
349846
349511
350821
349580
349446
349465
350235
350387
350097
349907
350803
349595
349865
349978
349696
350405
349940
349984
350120
350341
349098
348774
350260
349492
349971
349746
350191
350216
350121
349433
349872
350418
350985
349296
350653
350619
349302
349178
349425
349697
349375
348628
349896
351127
350730
349922
350463
350336
350769
349966
349914
350616
350133
349725
349271
350076
349706
350064
350138
349631
350361
350512
349662
349632
350062
350244
350492
350621
349866
350100
350294
349137
349123
349851
349486
349355
349751
349454
349850
349581
350338
350315
350124
350166
350057
349624
351095
349664
349821
350091
350901
350005
348783
350105
349862
349943
349843
350183
349262
350766
350834
349647
349810
349861
349273
350159
350886
350895
350471
349917
350270
350788
349271
349078
350058
349654
349605
349657
350992
350235
350002
350658
350369
350093
349560
350798
350304
350629
351130
349482
349700
349904
349474
349702
350094
349703
350014
350241
349437
349618
349551
349917
350692
350064
349932
350043
350131
349567
350418
350039
349411
350481
350159
350293
350180
350020
349958
349693
349514
349824
349610
350314
349662
349115
350657
349613
350130
350157
349995
349684
349344
350075
349428
350317
349919
349909
349660
350351
350355
349227
349806
349379
349706
350448
350180
350363
350454
350717
349974
349083
350565
349671
350412
349497
349299
349585
350022
349921
349493
349952
350258
350449
348804
350718
349871
349479
349359
350386
350316
350340
349517
349774
350405
349923
350151
349594
349975
349734
350903
350535
349996
350734
350049
348945
350073
350690
349216
349836
349665
349813
349633
350406
350194
350329
349237
350014
349747
350887
350230
350929
349272
350777
350548
350032
349319
349479
350407
349759
349752
350601
350578
350705
350362
348773
350058
349578
349869
350124
350958
349824
349257
350367
350421
350516
350648
349777
350585
349509
349318
349023
350300
351271
350142
349471
350513
350569
349483
349822
349475
350288
349968
349873
350548
350412
350663
350310
350111
350127
349745
349578
350218
350885
350408
350555
349787
349164
349927
349993
349434
349825
350134
350065
350710
349946
350331
350310
349596
349771
349570
350694
349340
349672
349316
349727
349616
350518
350225
349705
349534
349647
349684
349043
350739
349228
349564
349968
351013
349747
349795
349710
348982
350087
350639
349372
350496
349274
349461
349615
349836
350520
349402
350148
351175
350400
349743
350971
349489
350091
350650
348733
349669
349993
350544
349719
350541
349530
349643
349813
349394
349506
350539
349876
350360
349815
349624
350184
349367
349713
349034
348760
349521
349991
349249
351290
349120
350495
350005
350870
350298
350443
349660
350870
350416
349977
349770
350870
350083
350203
349951
350010
350246
350341
349479
349668
349632
349523
349905
349014
350489
350309
349773
349489
350506
350721
349918
350855
349171
349823
349786
349342
350078
350546
349921
349321
349246
349538
349774
350456
350396
350044
350261
350030
350566
349696
350438
348946
349732
350319
350864
350354
349482
350003
350730
349661
350175
349479
349003
349730
349110
349866
350401
350242
350057
349359
350358
350557
350207
350116
350944
348889
349120
348771
350285
349921
350878
348761
350041
350297
349166
350403
349845
349296
349911
350222
349916
349889
349220
349352
350249
349981
349167
349165
350573
349930
349960
349939
350260
348568
350025
349924
350419
349843
350569
350068
350872
350037
350474
350081
349509
350372
350158
350220
349617
349040
350367
349989
349703
350287
349964
351003
349666
350651
350076
351195
349714
349486
348970
350141
349640
350338
350009
350087
350117
350034
350235
350542
349996
350141
349935
350795
350464
349766
350424
349541
349594
350403
350379
350008
349195
350000
349859
349375
349560
350716
349617
349801
350251
349958
350287
349463
349801
349692
350202
350046
349552
350609
349481
350394
349371
349942
350064
350139
350101
349681
350796
349900
350899
349832
349731
350189
349429
349967
350204
349810
349684
350195
350082
349383
350475
349907
349417
350595
351402
350047
348969
349848
350140
350630
349389
349434
350310
349444
350136
349811
350059
350105
350915
350414
350812
350004
350974
350785
349707
350319
349046
349758
349319
350375
350012
349567
349300
350928
350908
349682
350256
350106
349854
349723
349500
350043
350286
350303
348916
350992
350542
350323
349679
349827
350293
349762
349160
350533
349107
350317
350037
349528
350176
349646
350484
349984
349995
350782
349167
349192
349550
350652
350480
349289
349322
349511
350389
349931
350638
350881
350001
349351
349663
350061
349707
349436
349454
349682
349540
350891
349208
351140
349513
349967
350549
349761
350378
350147
349930
350287
349393
349176
350007
350753
350048
349919
350016
349658
350757
350488
350185
349834
350097
350144
349972
349816
349352
349925
350332
349879
350826
349799
349367
349257
350089
349512
350235
349595
350302
350512
349785
350094
350165
349144
349882
350316
349830
350016
350390
349773
349779
350087
350286
350378
349209
349141
350427
349847
350432
350590
348903
349772
349362
349697
349500
349986
349978
349426
350771
349610
349727
349512
349556
350974
349720
348968
350238
349356
350350
350198
348997
350040
350051
350425
349324
349928
350556
349811
351592
350504
350323
350991
349945
349864
349398
350304
349567
349497
349871
349628
349465
349496
350496
350287
350848
349810
350858
350107
349014
350765
351037
350547
350812
350073
350171
350924
350168
350311
349930
351092
349598
350223
349954
350733
350274
350186
349639
350157
349825
349517
350446
350792
350235
349673
349552
350768
349917
350081
349748
350207
350670
350581
349200
350285
349408
350152
350262
349205
349327
349817
349934
349727
350169
350649
349558
349989
349802
349355
350744
349990
349207
350086
351054
349958
348897
350832
350972
349092
350479
350410
350054
350905
349903
349999
349814
349965
349840
349876
350288
349551
350166
350341
350384
350552
349969
349907
351030
350276
349900
349849
350337
350531
349225
350091
350330
351151
350282
349765
348624
349698
350328
350218
349958
349899
348810
350082
349222
350869
349409
349349
350081
350979
349607
349738
349839
349991
350163
349526
349627
350790
350747
350429
349780
350348
350226
350143
349888
348460
350712
349208
349754
349663
349658
350469
350455
349567
349876
350951
349971
349572
349825
349435
349958
349593
350333
349561
349840
349108
349488
349427
350216
350747
349374
350950
349302
350318
350196
350172
350863
350838
350253
349569
350021
350206
350411
349213
349573
350199
350217
349560
349531
349412
349567
349214
350890
349947
349452
350324
349391
349571
349970
349788
349311
350387
350588
350457
349924
349897
349974
350598
349983
350461
348838
349805
349699
349866
350083
349531
350811
349107
351115
349828
350173
349304
350536
349266
350103
349952
350844
350152
349572
349375
348982
350924
350186
349553
351028
350757
350261
349604
349618
350529
350063
349536
349852
349246
351114
350832
349346
350127
349632
350370
350280
350388
349644
351090
350213
350466
350214
349808
349968
350788
349883
350333
349994
349881
349960
349873
350001
349412
349261
350241
349923
349751
349384
350169
349332
350270
350472
349596
349610
349306
349364
350487
350168
350271
349926
349670
350570
350084
348982
349665
350027
349528
350548
349922
350318
349827
349632
351224
349454
350543
351135
349336
349966
350120
350386
349584
350868
349320
350032
350624
350055
349996
349505
349961
350314
349698
349503
350083
350604
349478
350273
349786
349194
350645
350361
349574
350140
349781
350179
349642
350357
349902
351426
350274
348932
349909
350425
350238
349645
349619
350211
350202
349459
350024
350849
349729
350565
349849
349560
349737
350322
348997
350781
349793
350206
349929
350152
349971
349824
349850
350055
350699
350694
350859
350165
349767
349848
350494
349983
349888
349895
350746
349798
349901
350859
349951
349555
350146
350557
350486
350918
350092
349353
350256
350724
349276
349969
349543
349642
349642
348895
349547
349820
350045
350663
350459
349960
349989
350479
349961
349736
350107
350582
349717
350436
350178
350869
350100
349836
349259
349320
348608
350518
350025
349690
349819
351007
349801
350530
349652
349380
349942
349890
348927
349443
350248
349398
349449
349852
350560
349538
349780
349604
350217
350062
349705
350070
350359
350912
349330
349551
349523
349817
349232
350001
349499
349749
350610
350029
351161
349989
350320
350135
350619
349818
349369
349871
349500
349861
350007
350063
349168
350030
350434
349793
349561
351098
349770
350356
349627
349041
350196
349607
350199
350200
350822
349559
349012
348797
350484
350078
349262
349785
350095
350243
349596
350646
350390
349871
350360
350101
349295
349992
350476
350278
349175
349897
350373
349690
350144
349716
350431
350497
350556
350578
350365
349885
349798
349147
350288
350088
349677
349590
350000
350374
349560
349834
350174
350246
349794
349364
349807
350109
350411
350305
349666
350978
350427
349593
349955
349380
349797
349694
348893
349970
349809
349665
349772
349952
350444
349705
349793
349316
350101
351033
348902
349441
350007
349924
349765
349113
350162
349857
349957
350688
350854
350663
351044
349198
348843
349838
350205
349665
350274
350951
350375
349556
349883
349367
351164
350177
349067
350783
350104
349512
349868
350184
350043
350321
350942
350196
350854
350334
348532
350073
349663
350407
350293
350064
351242
349941
349902
349395
351200
350287
349330
349577
349785
350457
350281
350344
349507
349209
349927
349415
349238
350307
350622
350156
349028
350414
349572
349981
349767
349681
348858
350794
350352
350528
349397
350466
349861
350490
351090
350001
349909
350775
349851
350929
351124
350626
349621
349803
348595
350579
350174
350137
350125
349378
351387
350241
350064
349688
350518
350270
349508
350399
350124
350471
350456
349523
349747
348804
348730
350182
349114
350374
350126
349692
350342
349748
350555
349637
349752
351610
348956
350400
350035
350554
349049
350088
349953
350349
350503
349035
349816
349618
350074
349706
349702
349130
349629
349430
350040
350379
349460
350529
349472
349509
349685
350285
349296
349121
349981
350096
350461
349988
349982
349188
350125
349616
350037
349881
350319
350265
349790
349584
349860
350846
350014
349938
350782
349565
350013
349573
349399
350228
349553
349893
350271
349966
349724
350183
350611
350074
349643
349810
349224
349640
350389
350054
350067
349894
349842
349951
349906
350078
350396
349381
349421
351088
349729
350259
350624
349391
350005
348958
349523
349477
350651
350079
350344
350150
349784
350115
349519
350039
349172
350039
349886
350975
350334
350492
349634
349529
349783
350459
349981
350405
351201
349714
349922
350207
349371
350038
349837
349736
348897
349199
350252
349589
350797
349834
350174
350446
349868
349189
349847
349110
348966
349792
349405
349902
349956
349983
350640
350053
348973
350124
349991
350231
350709
349017
350179
351177
349626
349105
349627
349680
350577
350720
349772
349572
350361
349261
349563
350534
350231
350798
349944
349795
350821
349317
350221
349791
350434
350003
350301
349747
350201
349694
349531
350770
350473
349822
351544
350118
350397
350125
349694
349020
350345
349890
350029
350164
349662
349667
350286
350268
349687
350004
351281
349814
349810
350078
350473
349545
350005
349371
350308
350639
349667
350435
350334
349438
350437
349597
350044
349673
349567
350067
350313
349712
349621
349578
350533
350669
350324
349549
350087
350126
350406
349316
349776
349675
349684
349366
349956
350716
351057
350691
349370
349196
350239
349344
349555
348862
351276
350199
349983
349745
349701
349677
350649
350479
351311
350479
350099
349930
350125
350131
350084
350596
351021
349963
350035
349975
350192
348994
349040
349058
350073
349452
349801
349515
349062
350116
350700
350192
349328
351065
350290
350250
349201
349272
350358
349554
349922
350197
349702
349266
350456
348559
349430
349902
351232
350249
350527
350203
349836
350561
350134
350055
349654
350781
350141
350703
349940
350364
350929
349317
349858
349573
349382
349112
349160
350374
348867
350063
350685
349442
348612
349791
350266
349756
349989
349885
351042
350932
349571
350322
350948
349423
349011
349772
350185
349849
350285
349085
349508
350652
349160
350760
349198
350177
349621
349634
349837
350046
350365
350173
349955
349724
349907
350195
349162
350351
351264
350039
349082
350362
350176
349798
349469
350144
349875
350082
349635
350288
350778
349556
350277
350037
349727
350705
350301
350010
350256
350493
350139
350023
349451
349685
349935
349841
349507
349886
349888
350732
350207
349234
350463
349716
349897
349489
350771
350086
350286
350106
350227
350517
350196
349705
350443
349890
349998
350356
349731
349703
349442
349746
349440
349990
349093
349988
350178
350781
350543
349962
350422
349577
349236
349830
349612
349640
350261
349959
349721
350127
349667
349375
349898
350283
350011
350364
350510
350097
350334
350103
350325
349786
350593
349654
349208
349960
350631
350493
349926
350064
348236
349948
349680
349253
349110
349962
349542
349428
349625
350280
350896
350755
349980
349813
350684
350291
349881
350390
350543
349404
350198
350619
350126
349396
349566
349826
351115
350612
350291
349454
350217
350133
349249
350258
350493
349658
350399
350103
349489
351016
350278
349297
349732
350570
350891
349742
350871
350319
350430
350108
349400
349618
350289
349766
350612
349229
349725
350061
350733
350291
350360
349876
349870
349600
350500
350418
350328
349382
349896
350335
350283
350262
349294
349981
350264
349815
349698
349016
349917
349532
349708
349762
350112
349685
350941
349984
349900
349984
348714
349122
349339
350107
350547
350902
350328
349888
349839
349756
350123
350149
350382
348957
350294
350599
349585
349905
349783
349419
349957
350642
349949
350680
350139
349415
349297
350381
350267
349571
349341
349391
350928
349572
348992
350227
350059
350033
348935
350587
350174
349846
349974
349867
350621
350813
349284
349305
349369
350087
350112
349750
350343
348985
349670
350264
350569
350618
350605
349927
349666
350856
349815
349157
349408
349550
350172
349884
349962
350045
351115
350431
350205
351218
349684
350300
349980
349805
348910
350105
349617
351073
350302
349738
350455
349944
349601
349788
350084
350061
350925
351241
350210
350318
350789
350323
349228
349715
349659
350637
350653
349682
349484
349539
349169
350053
350761
350194
349691
349572
350002
350259
350174
350437
349968
350172
350886
349831
349977
349550
350552
350384
351296
349772
349095
350224
350505
350205
349924
349486
349703
350307
350445
349949
350025
349565
350239
348961
349826
350702
350217
349932
349480
349304
350737
350334
349900
349948
348962
350169
350132
350203
349828
350157
350429
350674
350024
350033
349806
348427
349749
349686
350586
349851
350321
350027
350086
349866
349991
349548
350680
350111
349276
349723
349902
349906
350360
349625
349541
349585
350588
349492
349736
350054
350409
350091
349756
350472
349592
349716
349364
350146
350477
349838
350058
351136
350845
350283
349043
350008
349479
350401
349850
349932
349803
349912
349795
350356
350098
349821
349942
350435
350138
350231
350035
349479
349237
350037
350119
348858
350311
350565
350407
351022
350268
350364
350467
350438
349611
350101
351161
349876
349281
349689
350073
350428
349600
349189
349086
350530
350004
350011
350009
350046
349125
349846
349836
349971
349549
351038
349716
350928
349163
349852
349492
350866
349638
350260
349428
350648
349727
349912
349737
351065
350690
350511
349205
351116
350182
349992
350035
349793
350489
350210
350661
350525
350061
350323
349689
349496
350398
350188
349897
349636
350004
349432
349744
348736
349677
349637
349605
349394
350383
350167
349276
348908
350155
349786
349445
350703
349609
350386
349801
349795
349799
349968
349507
349528
351276
349838
349879
349828
349333
350854
349091
349943
350131
350348
350145
349585
349807
349562
349425
351267
350278
349924
349529
350496
349858
350587
350563
349865
350724
350428
349976
350193
350100
350415
350279
350121
350786
350079
350472
349505
349715
349258
349722
349899
350365
348987
350174
349986
350364
349319
349817
350309
350178
349610
349077
349245
349572
349401
348943
349958
349101
349730
349747
349542
349948
349657
350773
349589
349383
350366
349841
349168
350329
349564
349189
349940
350328
349765
351486
349506
350028
350665
349107
350143
349686
349436
350387
349993
349967
349748
350639
350570
349849
350042
350453
349943
350147
349537
350312
349887
350028
350246
349993
350468
350254
349653
349614
350281
349645
349785
350018
349772
350323
349442
349835
349555
349720
349947
349925
350026
349635
349644
350901
350392
350206
351141
350090
350118
349873
349956
350188
350018
349998
350276
350155
349882
350356
350653
349303
349522
349319
349546
350243
349169
349884
349518
349778
350277
350185
349863
348860
349330
350581
350715
350466
349586
348938
351025
350589
349886
349344
350066
350498
349393
349848
349843
350199
350443
349457
350320
349681
350185
349357
350178
349961
349833
349920
349895
349379
350482
349504
349855
350306
350910
350179
350254
350254
348845
350391
349486
349580
350099
350065
350651
350644
350250
349949
350155
350570
351126
348131
350126
350072
349542
349329
350016
349834
350319
349481
349267
350158
349710
350493
350175
348924
349444
349849
349383
349604
350181
351489
350599
349235
350926
350771
350046
350247
349463
349727
350000
350082
350396
350466
349911
349811
350020
349858
350166
350764
349752
350148
350913
350796
350262
349678
350614
350880
350562
349575
349438
349906
350436
350451
349670
349147
349977
349655
348405
349788
349396
349634
349827
349710
350427
349285
350506
349965
350709
350578
350320
349575
349680
350367
350165
350309
349980
350479
349769
349245
348704
351023
349945
349362
349269
350658
349450
349789
350664
350662
350159
350721
349063
349729
350211
349528
350244
349379
350166
350122
349575
350492
349605
350451
349497
350586
350234
350353
349938
350041
351487
350362
349698
350424
350591
350536
349251
350479
351013
350057
350712
350611
349434
349713
349988
350311
349154
349964
349066
350437
348988
350486
350803
349313
349689
350502
350007
350246
350090
350203
350587
350661
349576
349618
350022
349333
350230
350129
349739
349526
350555
349382
349613
349959
349706
350002
350575
351055
350219
350122
350733
348845
349433
349036
349472
349426
350688
349699
348767
349876
349643
349004
349980
351501
349975
349561
349676
350202
350837
349916
350483
350119
349895
350495
349512
349678
349248
349547
350526
349955
350171
350077
349657
350637
350880
349435
349347
349764
350162
350252
349621
349106
350302
349472
350890
350443
349017
350227
350089
350444
350474
350394
350632
349087
349955
349605
351158
350354
350475
350185
350274
350035
349320
349992
350420
349216
349460
350604
350616
349361
349840
350675
350548
350113
349448
349510
349958
350067
349773
349931
350267
349902
349998
350053
350243
350717
350307
349578
349730
350144
349962
350172
349873
349894
350761
349138
348842
349850
350098
349827
349228
350091
350337
350993
349578
350217
350193
349355
350323
349301
350685
349944
348882
349762
350008
350397
349600
349420
349677
349089
349797
349045
348900
350833
350034
349321
349331
350198
349899
349321
349872
349423
349732
349614
350611
349856
350771
349406
350335
349500
349410
349308
349932
350319
350316
350397
350164
349565
350217
349991
351017
349940
350347
349831
349928
350416
350067
350098
350675
349770
350188
350434
350468
349994
349586
349439
350063
350329
349624
349928
350669
350099
350409
349787
350212
350290
349163
350290
349740
348983
349488
349978
350188
350544
350253
350378
349959
349916
348116
349910
349874
349484
350404
349344
349386
349440
349785
350298
350903
351333
349964
348784
349824
349583
350794
349676
350889
349951
350205
349882
350514
349916
349227
348797
349793
350452
349735
350584
349932
349883
350590
350220
349058
350081
350202
349751
350049
350459
350750
350571
349701
349466
349810
350325
349644
350126
349860
350881
350770
349391
349812
349070
350947
349627
349973
349655
350784
350120
349917
349619
349624
349984
350035
349633
349910
348935
349602
349217
350258
351519
349342
349432
350072
350645
350243
350119
350084
349839
350019
349133
350876
350739
350532
349785
349422
350618
349597
350640
350088
350194
350935
349298
349820
350070
350173
349732
349370
350565
349977
350743
350304
349343
349362
350060
350244
349637
350068
349251
349962
348904
349695
350145
350284
349870
349874
350593
349781
348849
349759
350683
350134
350599
349724
350793
350636
350452
350764
350194
350244
349999
350450
350112
350552
350197
349667
350563
350325
349301
349753
350190
349999
349675
350227
350242
350501
349080
349421
349755
349722
349638
349410
349041
349194
350350
349056
350180
349702
349819
350148
349385
349605
349839
349836
350367
349729
349940
350365
350719
350078
350143
350155
350685
349640
350268
349200
349813
350208
350333
349478
350306
350630
349700
351382
349984
349435
349546
349799
349573
350709
349450
350427
349411
349599
349901
350489
350696
350327
349630
350561
350430
351098
349233
350488
350122
350563
349427
349908
350870
350439
349851
349342
349657
350098
350023
349916
350498
350445
349487
349548
349447
350841
350528
349963
349203
350641
349975
349725
351268
350339
348952
349528
350440
349469
350158
349956
349990
349514
349043
350118
350022
349794
350339
350486
350559
350277
349838
350658
350051
349243
349626
349630
350992
348860
350208
350374
349253
350232
349184
350358
349752
350772
349752
349847
350216
349030
349784
349658
350604
350283
350299
349502
349923
349608
350059
349683
350638
350087
349383
350333
350111
349526
349541
349374
350910
350516
349344
349972
349512
350578
350137
349188
350453
350470
349780
349790
350616
349824
350203
349843
350458
349688
350246
349872
348637
350204
349160
349530
348919
350239
348950
349792
349764
349434
349390
350724
349340
348988
350724
349247
350186
349005
350589
349676
349498
350689
349671
349916
350266
349749
350216
349770
349811
350519
350800
349906
351047
350705
349776
349823
349648
349652
349662
350240
350485
349817
351116
349085
349687
350189
349596
350017
349886
349387
350031
349343
349321
350702
349541
349542
349923
351291
350141
348978
349873
349830
349685
349060
351080
350125
349445
350494
349879
350031
349503
350086
350294
349513
350492
349451
350852
350464
351371
350257
349447
350245
349852
350707
349772
350178
349604
349621
350272
349634
350856
349627
349435
350294
349558
348241
349837
349958
349565
349891
349355
349032
350071
349715
349161
349542
350241
349278
350741
349018
349914
350021
350184
350666
349835
349932
349622
350204
350005
350442
350163
348907
348987
350242
350312
348762
349524
350756
350485
349973
349164
349428
349927
350016
348988
350334
349660
350468
350519
349534
350433
350822
350215
349540
349894
348675
349831
349361
349984
348685
350513
349679
349188
349727
349549
349003
349510
349987
349867
350180
349855
350299
350112
350343
350463
349771
350018
350724
349126
348835
349059
349978
349064
349000
351089
349493
349656
348927
349305
349590
349540
349653
349330
350171
349754
350112
350592
350711
350225
349765
350328
349516
350818
350021
350336
351063
349733
350010
349832
349636
350781
348735
349475
350380
351034
350418
350425
349635
349898
350096
350505
349769
349354
349211
350180
348864
349345
350476
350398
349574
349776
349260
349490
349338
350616
350486
350019
349973
349827
350227
350074
349574
350471
350513
350189
350400
350077
350236
349729
349572
349999
348969
350468
349486
350376
350097
350117
350492
349467
350279
350298
349411
349843
348782
348527
350275
350060
349433
349965
350470
350062
350245
351284
349318
349873
350564
350281
349067
349632
348949
349051
350876
349671
350303
350528
349485
350551
350141
349174
349902
350172
349186
349653
350505
350260
349928
350186
350938
349868
349899
350575
350305
350311
350066
350302
350011
349048
350109
349794
349793
350278
350079
350143
349751
349313
350632
349143
350427
349487
350183
349544
350751
349190
349938
350518
350164
350314
349687
349361
349467
350334
349866
350444
350818
350397
350530
349927
350058
350306
349855
350173
350689
349603
350133
350218
349414
349481
349743
350589
349717
349758
350201
350267
350142
349839
350063
350634
349818
350236
349812
350470
350499
350242
350431
349498
350349
350329
349714
350148
349912
350564
350304
349526
350036
349556
351064
350263
349113
350830
349390
350714
349860
348983
349966
349347
350008
349801
349353
351099
350259
350142
350680
349322
349818
350276
349980
350467
349636
349926
350663
350346
349025
349210
349347
350353
349429
349768
350403
350691
349782
349707
349656
350038
350164
350273
350296
349331
350273
349751
348435
350242
350324
350530
349702
350488
350706
349914
349641
350519
349239
350015
350506
349683
349745
350409
350702
350314
350563
350499
350554
349723
350916
350532
350160
349133
350048
349915
350360
350004
350603
350428
350244
350700
349807
349829
349996
350125
350865
350082
350501
350225
351492
350929
350327
350121
349063
350218
350530
349832
349167
350971
350149
350610
350877
349604
348985
350862
349926
350164
349665
349557
349999
350687
349855
350213
349758
350328
349453
350341
350334
349871
350688
350813
350211
349812
349253
350251
348896
348636
349684
350596
350075
350115
348812
351420
350138
350191
350156
349608
350433
350010
350247
350653
350400
350375
349477
350769
350073
350659
349433
349644
349103
349873
349948
349161
348530
349848
350210
349909
349801
349647
349236
349941
350488
349774
348783
349595
349555
350609
350233
349986
349229
350683
349103
349937
350460
350347
350282
350243
350492
350158
350212
348743
349763
350782
350186
350211
350386
350029
350316
350108
350425
350192
349472
349359
350582
350003
349422
350000
350336
349601
350449
350337
350255
349650
350003
349707
350429
349608
349778
350091
350483
349546
349805
350917
350341
349891
348976
350741
349744
350131
349153
349834
350219
350151
349378
349558
349310
350658
350387
349914
349396
350476
350082
350421
350213
350266
349748
349139
350108
350357
349980
349698
350483
350069
349893
349225
349945
350173
349663
350215
349549
350923
350382
348913
350237
349570
350460
349605
350045
350321
349955
349920
349472
349718
350370
350199
350232
349401
350855
350360
351168
350264
349360
350062
350259
349890
349568
349823
350952
349050
348590
350934
349839
350058
350024
349406
350793
350074
350538
350002
349929
349985
350127
349508
350553
350534
349629
350940
349807
349497
349907
349510
350120
349823
350579
349584
349553
350534
349292
350196
350410
349935
350139
348525
350368
349908
350005
349618
351130
350349
350107
349910
349794
350877
349696
349998
350403
349933
349856
349969
350475
349475
350017
350830
350846
349658
349352
350166
350429
349805
349080
350701
350458
349935
350989
350201
350484
350027
349315
350446
350139
350456
349731
349576
350330
349952
350184
349277
349802
350243
348344
349531
350054
350006
349904
350105
350241
349471
349245
349517
350412
349664
350255
350567
350173
349767
350825
349483
350941
350365
350214
351072
349626
350793
350580
349619
349542
350191
348991
350427
350008
350430
349606
349875
349163
349546
350393
350181
349488
350448
350614
350127
350775
349360
350606
350550
350336
349513
350334
349986
349413
349393
349888
350030
349877
349292
350246
349878
350044
350465
351307
350329
349853
349815
349613
350492
349349
348965
349378
350550
349917
349898
350265
350621
350372
349661
350794
350304
350474
350365
350081
350142
349172
350206
350644
349356
350415
350060
349900
350086
349850
349031
348946
349506
350789
350450
349589
349790
350541
349933
349666
350841
349430
350096
349697
349356
350078
349814
349732
349235
349580
350773
349610
349699
350143
349787
349242
349373
349514
350789
349145
349465
350328
350120
350609
350006
350012
349369
351072
350031
350239
349640
350122
350628
349870
349725
349812
350206
350089
350159
350397
350075
350397
350104
349798
350514
350060
349104
350762
350968
350206
350402
350573
350655
350006
349014
350541
349790
349589
350128
350256
349767
349370
349870
349742
349184
350799
349729
350118
349548
351398
350956
349232
349803
350695
350633
350842
350344
350560
350209
350572
349537
350505
350480
350685
350404
350159
351419
350183
349471
350175
350367
350184
349843
351046
350185
349393
349421
348843
350275
349143
349815
349251
350212
350210
350186
349165
350631
349151
349985
350867
349642
349916
349438
349995
349413
350029
351224
349955
349817
350119
350670
350174
349719
350255
349614
349664
350293
349622
349787
350123
349944
349752
349945
350169
350366
349440
350760
349010
350056
350471
350051
350401
350383
350016
349846
350722
349928
349503
350248
350565
349991
350539
350436
350542
349703
349180
349949
349384
350292
350161
349289
350681
349380
350396
349989
349839
349768
349969
349983
349647
350651
350680
349718
350699
349215
350345
349953
349462
349083
349538
350786
349769
350610
349881
350288
350074
349814
350681
350539
349724
349364
350768
350016
349652
348839
349822
350903
350317
350592
349580
350029
349263
350173
349487
350373
350455
349433
350411
350292
349864
349299
350082
350264
350346
349159
350282
350604
350794
350094
349217
349732
350105
349262
350511
350283
350576
349654
350093
350248
349815
350151
349576
349480
350523
350973
350751
351180
350140
349081
349458
349014
350019
350590
349961
350044
350020
349712
349981
350357
349783
349572
350056
349640
350150
349651
349651
349138
349286
349658
350632
350060
348560
350193
350800
350392
351380
349945
350621
350633
349552
350693
350801
350536
349968
349133
349772
349897
350364
350978
349899
349206
350511
350178
350087
350701
349487
349679
349201
350157
350148
349277
350201
349337
350292
348768
349276
349941
350060
349467
349473
350871
349574
350093
349827
349421
350076
350196
349315
349778
349492
350102
351051
350407
349740
350529
349748
350010
350027
349335
349546
349128
349784
349899
349672
350400
349344
350014
350222
349554
349976
349403
350122
350881
350485
349624
350709
350873
349456
349842
349044
349955
350011
348467
350284
349771
350099
349583
350171
349745
349280
350954
349898
350565
350066
349542
349618
349464
350470
350137
349749
349325
350678
350803
349241
348910
349558
350087
349208
349543
350129
349393
350232
349629
350029
349633
348674
350489
349638
350174
349790
350451
349156
350339
349560
349497
350467
349601
349764
350707
349403
349813
349620
349393
349753
350306
350152
350087
349230
349512
350403
350001
349601
349584
350014
350302
349733
349790
349539
349485
349571
349392
350019
350544
349241
350145
349600
350102
349579
350711
350853
349800
350054
350384
349203
350541
349045
350056
349620
349135
349717
349784
349803
349939
350120
350135
349340
350895
350640
350288
350037
349545
349607
349459
349732
349659
350350
349807
349082
350077
350082
350000
349315
351008
349632
350264
350141
349809
350113
350364
349668
350029
349139
350863
349406
350547
350060
349901
349810
349371
349609
350895
349855
349730
349341
349418
349426
349339
350426
350328
350195
349724
350203
349587
350079
350146
350642
350885
350314
350641
350355
349042
350473
349589
349128
349947
349674
349449
349914
350086
350203
350440
350322
351021
349714
350336
349494
350334
349448
350395
350502
350240
350313
350149
351290
349671
349896
350435
349753
348686
350314
350232
349959
349349
349729
349810
350340
350605
350059
349254
350488
349432
348689
350377
349858
350298
349568
350538
349883
350536
349533
349449
350103
349333
350496
349249
350319
350021
349658
349635
349979
350084
350631
349047
349164
349454
350775
350082
350260
350707
350638
349554
350099
349773
351052
351234
349217
349305
350115
349932
349336
349467
349673
350420
349866
349579
349630
350098
350654
349471
349752
349026
350217
350055
350599
349584
349998
350257
349767
350258
350246
350007
350207
350734
350045
350565
348845
349941
350220
348997
350560
350965
349785
350091
349936
348554
350456
350528
349991
350369
350468
349914
349864
350558
350354
350730
350589
350078
350350
349478
350552
351004
350296
350623
350744
349724
349812
350199
349510
349897
349649
350555
349803
350204
348344
349814
350761
348560
349437
349855
350630
349943
350737
349504
349782
350905
349776
349129
350713
350071
350470
348903
349829
350803
349642
349649
350401
349100
350367
350630
349696
350563
349932
350324
350337
349951
350275
349435
350359
350134
351176
350615
350822
349930
350005
349846
349457
350053
349817
350342
349842
349823
350094
350359
349927
349426
350328
350006
349995
350078
350325
350597
350625
349919
350052
350737
350506
350965
350066
350945
349496
350234
349410
349469
350160
350836
350379
349049
350163
349818
350213
350382
350614
349783
349975
349893
349922
350428
349454
349491
348950
349661
350481
349540
350447
349114
349291
349951
350160
349898
350715
350165
350205
350388
349931
350467
349061
350492
350150
350618
350242
350761
351237
348352
350737
348628
350302
349983
349705
349469
349756
349676
350307
350084
349991
350049
350421
349317
348902
349106
349048
349501
349638
349753
350341
349813
350577
349535
349892
349437
350357
351236
349604
350306
349957
350052
349786
350548
349548
349857
349247
349947
349981
349908
349700
349272
350284
350323
350149
350551
349066
349874
350765
350423
349752
350827
350624
350194
350498
349324
350632
350000
350268
350143
350612
350469
349718
349429
349948
350778
349128
350189
349623
349579
349523
350040
349326
350081
349769
349307
349277
349570
350268
350688
350368
350210
350565
351028
350559
349936
350280
349702
348952
350271
349902
349909
348935
349895
350184
350081
348875
350057
350637
349659
349549
350488
350566
349648
349762
349767
349722
350224
350283
350067
349541
350127
350550
350245
350396
349535
349695
350018
349415
350249
349700
349917
349538
351070
350067
348586
349683
349920
351015
349988
349118
349076
350174
351119
349684
349753
350356
350045
349403
350097
350933
350436
350281
350029
350046
349740
350035
349464
350763
350182
351578
349384
349748
350186
350314
349945
350449
349799
350288
349996
349137
350501
351653
349591
350082
349942
350587
349466
349656
350337
350290
350088
350150
350136
349867
349974
350357
349410
350424
349658
349196
349480
349730
350116
349746
350212
349849
349610
350471
349155
350216
349948
349796
349825
350156
350058
349809
349767
349931
350324
349630
349820
350339
350435
348975
350270
348739
350364
349812
350789
350466
350798
349672
350433
350058
349847
349833
350463
350850
349403
348815
350856
349878
350481
349864
349912
348796
349657
349576
349691
350142
349644
349337
349893
350205
348877
350516
350758
351403
349963
350674
350292
349889
350119
349908
350207
350272
350599
350634
350495
349718
350890
349618
349577
349943
349227
350046
349771
350627
350385
350048
349447
350032
349995
349360
349886
350037
349892
350122
349886
350257
350298
349918
349956
349039
349550
350176
350285
349859
350773
350144
350727
349500
349792
350054
349781
349982
350379
350802
349476
349207
348995
349280
349996
350148
348443
350255
350043
349411
350405
350094
349405
350056
350649
350834
350196
349180
349778
349404
349941
349682
349726
349338
350265
350069
349725
349475
349479
350503
349772
350489
349019
350171
349976
350583
350542
350365
350553
349046
349300
349684
350191
350516
349346
349568
350340
349628
350471
350610
351201
349913
350495
350502
349699
350619
350266
350297
350077
350024
349549
349543
349819
350000
350338
350394
349851
349962
349833
349246
350354
350718
349150
349320
349098
350457
349268
350515
350775
350207
349922
350257
349543
350393
349853
350097
349832
349779
349508
350051
350846
349670
349575
350530
349988
349247
350289
350258
349662
349685
349739
350426
350755
349766
350775
350718
350146
349649
349927
348884
350177
350053
350644
349697
350651
350113
350185
349833
349356
349391
350304
350636
351264
349891
351056
350052
349768
349432
349467
350012
349704
348888
349685
349112
350321
349199
348748
350096
350155
349203
349978
349952
350154
350538
349814
349254
349913
350734
350450
349932
349870
349798
349342
349871
350416
349446
351900
349814
349914
349641
349981
349448
349505
349286
349997
348697
350140
349449
350265
350063
349793
349418
351145
350356
349948
349114
350334
350794
350392
350316
350533
351362
349541
349370
350318
349610
350840
348974
349491
350171
350366
349702
348832
349990
350747
351336
349850
349688
349051
349991
350254
349708
350104
349834
349700
350180
349794
